CHR	BP	A1	A2	SNP	GENEID	GENENAME	BETA	SE	PVAL	BETA_IBSEP	SE_IBSEP	PVAL_IBSEP
22	44492675	A	G	rs2299849	ENSG00000138964	PARVG	0.1260254835830619	0.098058067569092	0.1986525	0.06326462550469483	0.0922339302066196	0.49276678403992924
22	44492790	A	T	rs9614198	ENSG00000138964	PARVG	0.1260254835830619	0.098058067569092	0.1986525	0.06785112106041993	0.09223691551317358	0.46196329921629564
22	44492872	A	G	rs5764520	ENSG00000138964	PARVG	0.1257299169557952	0.098058067569092	0.1997725	0.06652822650523366	0.0922445461240521	0.47077673631279005
22	44493101	C	T	rs4823189	ENSG00000138964	PARVG	0.1261343378438704	0.098058067569092	0.1983035	0.06375043981513207	0.09222922020093147	0.48942894425744754
22	44493321	T	C	rs4823190	ENSG00000138964	PARVG	0.1244389923020548	0.098058067569092	0.2043697	0.06655148825137625	0.09223691551317358	0.47058491266280256
22	44493470	G	A	rs2267607	ENSG00000138964	PARVG	-0.1354914112719699	0.098058067569092	0.1670331	-0.07040194815175516	0.0923771989920025	0.44599202263020543
22	44493534	G	A	rs4823191	ENSG00000138964	PARVG	-0.1347985918013672	0.098058067569092	0.1691935	-0.0697956856571519	0.0923771989920025	0.4499184400208437
22	44493564	C	T	rs2267608	ENSG00000138964	PARVG	-0.1354914112719699	0.098058067569092	0.1670331	-0.09055565961975803	0.09248543436052616	0.32751363342201156
22	44494047	T	C	rs9614199	ENSG00000138964	PARVG	-0.1636771535733824	0.098058067569092	0.0951174	-0.11582623583344342	0.09305338701050178	0.21323143571318126
22	44494317	G	A	rs5764525	ENSG00000138964	PARVG	-0.1028264058614215	0.098058067569092	0.2943623	-0.036161906890221245	0.09236354865201374	0.6954150660208894
22	44494419	A	G	rs5764088	ENSG00000138964	PARVG	-0.1598765797673125	0.098058067569092	0.103017	-0.08347314540352385	0.09266536727149616	0.36769361986362514
22	44494466	T	C	rs12169088	ENSG00000138964	PARVG	0.0572866409358338	0.098058067569092	0.5589512	0.053088301910644536	0.09362445327403875	0.5706906925405777
22	44495529	A	G	rs8137036	ENSG00000138964	PARVG	0.0841248300494848	0.098058067569092	0.3908925	0.12555877778221272	0.09429219009371644	0.18299411460020676
22	44496917	G	A	rs8140244	ENSG00000138964	PARVG	0.1171518658454983	0.098058067569092	0.2321652	0.14882441007147904	0.09415284518649034	0.11395391877997324
22	44503197	A	T	rs6006647	ENSG00000138964	PARVG	0.0187891122488556	0.098058067569092	0.8478989	0.020074796739961993	0.09326821357421004	0.8295823255894421
22	44503482	T	G	rs6006648	ENSG00000138964	PARVG	-0.0043649960429975	0.098058067569092	0.9645856	-0.0012967489240292868	0.09336583271899045	0.9889186155996528
22	44503633	A	C	rs6006486	ENSG00000138964	PARVG	0.011529579332513	0.098058067569092	0.9063846	0.0054894891506912895	0.09354294313661347	0.9532036751552335
22	44503719	T	C	rs11703409	ENSG00000138964	PARVG	0.0122833713095301	0.098058067569092	0.9002069	-0.001409305532957584	0.09361451791973172	0.9879888218286149
22	44503911	A	G	rs11704940	ENSG00000138964	PARVG	0.0118998073724268	0.098058067569092	0.9033742	0.0036184889009574553	0.0936632401369902	0.9691830177357896
22	44504273	G	C	rs5764529	ENSG00000138964	PARVG	-0.0024870467677548	0.098058067569092	0.9798954	-0.002139742102830078	0.09349482070598651	0.9817410403225842
22	44504802	G	A	rs1967686	ENSG00000138964	PARVG	-0.0107010180789744	0.098058067569092	0.9132025	-0.014132759163793958	0.09332232229670578	0.8796284124026976
22	44504928	A	T	rs11704096	ENSG00000138964	PARVG	0.0118131044290823	0.098058067569092	0.9040079	-0.0008662978658243444	0.0937398812501443	0.9926264483769929
22	44505281	T	A	rs6006649	ENSG00000138964	PARVG	-0.0019853424708443	0.098058067569092	0.9838838	0.0009718287139193367	0.09333186287417662	0.991692085735832
22	44506536	C	G	rs5764089	ENSG00000138964	PARVG	-0.0128680915664446	0.098058067569092	0.8956171	-0.01038882454499771	0.09337460596836598	0.9114104635053699
22	44507510	A	T	rs3788606	ENSG00000138964	PARVG	-0.0129636687649042	0.098058067569092	0.8948261	-0.009281755033888131	0.09374230842476723	0.9211275430378557
22	44507872	A	G	rs62227671	ENSG00000138964	PARVG	0.011726509349612	0.098058067569092	0.9048	0.009417955200331016	0.09332058956663544	0.9196136151293751
22	44508200	T	G	rs76393758	ENSG00000138964	PARVG	0.0106626969861684	0.098058067569092	0.9133611	-0.003980482792029991	0.09343816384395931	0.966020250352675
22	44511893	C	T	rs72619560	ENSG00000138964	PARVG	0.0306005202733689	0.098058067569092	0.7548885	0.01666346663196418	0.09332712132985911	0.8582918223559363
22	44511930	C	T	rs67355122	ENSG00000138964	PARVG	0.0306005202733689	0.098058067569092	0.7548885	0.01665865550289618	0.09332712132985911	0.8583323040423961
22	44512099	G	C	rs11705133	ENSG00000138964	PARVG	0.0299203012644489	0.098058067569092	0.7602138	0.016012612118640173	0.09332712132985911	0.8637715680762794
22	44512124	G	A	rs11703393	ENSG00000138964	PARVG	0.0299203012644489	0.098058067569092	0.7602138	0.016009521497545316	0.09332712132985911	0.8637976048281454
22	44512474	C	T	rs6006654	ENSG00000138964	PARVG	0.005792378303567	0.098058067569092	0.9527928	0.003782162605909555	0.09362110536850274	0.9677753377041857
22	44512622	C	T	rs6006655	ENSG00000138964	PARVG	0.0004740323102425	0.098058067569092	0.9960106	0.006138287510604285	0.09356929425716967	0.9476950824939888
22	44512633	C	G	rs8135749	ENSG00000138964	PARVG	-0.0063874731040303	0.098058067569092	0.948174	-0.010745348557085595	0.09384998682274841	0.9088454577671958
22	44512684	T	C	rs6006656	ENSG00000138964	PARVG	-0.072622550082983	0.098058067569092	0.458936	-0.06343472963110029	0.09343906233970703	0.49720834493326904
22	44512795	G	A	rs11703544	ENSG00000138964	PARVG	0.0016558379463919	0.098058067569092	0.9864366	0.002302808737388466	0.09368678269458044	0.980390077581177
22	44512808	C	T	rs11704258	ENSG00000138964	PARVG	0.0016558379463919	0.098058067569092	0.9864366	0.004693926433201853	0.09366803383039914	0.9600328485451587
22	44512848	C	T	rs11704263	ENSG00000138964	PARVG	0.0019512869039776	0.098058067569092	0.9840434	0.00496674914266165	0.09366803383039914	0.957711974585161
22	44513004	C	T	rs9985212	ENSG00000138964	PARVG	0.0755330508097283	0.098058067569092	0.4410627	0.08597261895690153	0.09361882832100964	0.35844813647044027
22	44513291	A	G	rs1569664	ENSG00000138964	PARVG	0.0012710875066711	0.098058067569092	0.9896278	0.013100252252892247	0.09363026277858703	0.8887273686828105
22	44513372	T	G	rs1569665	ENSG00000138964	PARVG	0.0019512869039776	0.098058067569092	0.9840434	0.013720605454481364	0.09363026277858703	0.883494889791817
22	44513473	C	T	rs1569666	ENSG00000138964	PARVG	0.0019512869039776	0.098058067569092	0.9840434	0.014136863451460079	0.09364541860124205	0.8800059971055451
22	44513658	C	T	rs2267611	ENSG00000138964	PARVG	0.0740194068671183	0.098058067569092	0.450249	0.04858052444854558	0.09333023670678174	0.602699178798512
22	44513829	A	G	rs761165	ENSG00000138964	PARVG	0.0012710875066711	0.098058067569092	0.9896278	0.013141202682883064	0.09365171086109031	0.8884072083721067
22	44514242	G	A	rs1569667	ENSG00000138964	PARVG	-8.92916763284152e-05	0.098058067569092	0.9993617	0.013281015728251081	0.09365360868549057	0.8872301062935078
22	44514257	T	C	rs62227723	ENSG00000138964	PARVG	0.0739312722759872	0.098058067569092	0.4508492	0.04314887487517697	0.0935936295217022	0.6447816514789128
22	44514267	G	A	rs5764090	ENSG00000138964	PARVG	-0.0057948591726765	0.098058067569092	0.9529521	0.0013157891427096962	0.09398658179309505	0.988830176293368
22	44514303	G	A	rs5764539	ENSG00000138964	PARVG	-8.92916763284152e-05	0.098058067569092	0.9993617	0.022778309448953815	0.0937371215084916	0.8080038361402068
22	44514315	A	G	rs5764540	ENSG00000138964	PARVG	-8.92916763284152e-05	0.098058067569092	0.9993617	0.013281210328112136	0.09365360868549057	0.887228464981446
22	44514674	A	G	rs2143428	ENSG00000138964	PARVG	0.0018284103395068	0.098058067569092	0.9850007	0.017116923310855774	0.09364361333835176	0.8549644105457075
22	44514809	C	T	rs5764541	ENSG00000138964	PARVG	-0.0727423770415525	0.098058067569092	0.4582085	-0.06708968641826575	0.09344878522627462	0.47280044882920713
22	44515806	C	G	rs761166	ENSG00000138964	PARVG	0.007104493305709	0.098058067569092	0.9421244	0.025312847151171856	0.09341727706230368	0.786417666028541
22	44517265	A	C	rs5764543	ENSG00000138964	PARVG	-0.0106104320361541	0.098058067569092	0.913837	0.000654699611703849	0.09369794468170599	0.9944249528279214
22	44517280	T	C	rs5764544	ENSG00000138964	PARVG	-0.01031479676824	0.098058067569092	0.9163758	-0.004092127946157783	0.0937797967548416	0.9651949569172705
22	44517889	C	T	rs7291712	ENSG00000138964	PARVG	-0.0106104320361541	0.098058067569092	0.913837	0.005176978188285833	0.09373734440086036	0.9559563791328286
22	44519414	T	C	rs3788607	ENSG00000138964	PARVG	0.0903894363948511	0.098058067569092	0.3566329	0.07488747971166487	0.09382845289678275	0.42479396163643013
22	44519892	T	C	rs133904	ENSG00000138964	PARVG	-0.0092500430473478	0.098058067569092	0.9249503	0.007279434131297371	0.09363250733565047	0.9380311112660069
22	44521036	G	T	rs16991522	ENSG00000138964	PARVG	0.0898402523816237	0.098058067569092	0.359562	0.06375235237689275	0.09354154505401982	0.49552954256846526
22	44521125	T	A	rs68108655	ENSG00000138964	PARVG	0.0898402523816237	0.098058067569092	0.359562	0.07485992793247268	0.0938096944544139	0.42487177830555745
22	44521438	T	C	rs67317032	ENSG00000138964	PARVG	0.0904404069783735	0.098058067569092	0.35632	0.07502779982730447	0.09380870887452315	0.42382918810812
22	44521886	G	C	rs133906	ENSG00000138964	PARVG	-0.0723908388693173	0.098058067569092	0.4603929	-0.06243400293260827	0.09345740928395625	0.5041031747068001
22	44522312	C	T	rs1535009	ENSG00000138964	PARVG	0.0901402904567716	0.098058067569092	0.3578864	0.07417963571051041	0.09380759436346556	0.429081925534196
22	44522350	C	G	rs13055414	ENSG00000138964	PARVG	-0.1260686389385991	0.098058067569092	0.1985827	-0.08996646688678467	0.09380630904895619	0.33752536147957823
22	44522741	G	A	rs133908	ENSG00000138964	PARVG	-0.0102258777125684	0.098058067569092	0.9170106	0.00802648248426952	0.09367238154233785	0.9317154307282084
22	44522833	T	C	rs133909	ENSG00000138964	PARVG	-0.0092500430473478	0.098058067569092	0.9249503	0.0017394084895623366	0.09376987632210348	0.9852002834411663
22	44524197	A	C	rs133915	ENSG00000138964	PARVG	0.1003292885301273	0.098058067569092	0.3062133	0.11409752999165233	0.0926397288129824	0.2180886975361057
22	44524270	T	G	rs133916	ENSG00000138964	PARVG	0.0914798028829924	0.098058067569092	0.35082	0.0956126158838637	0.09256747382398377	0.3016523563095659
22	44524638	G	A	rs9614202	ENSG00000138964	PARVG	-0.0924195325677341	0.098058067569092	0.3459879	-0.10614885620978842	0.09394706598478243	0.25852703783725584
22	44525091	A	G	rs9614343	ENSG00000138964	PARVG	0.1339091953227088	0.098058067569092	0.1720017	0.1365354351399909	0.09265509061980595	0.14059253837008065
22	44525214	A	G	rs9614344	ENSG00000138964	PARVG	-0.1231831822423109	0.098058067569092	0.2090435	-0.10981856197017244	0.09481285325563195	0.2467552536318306
22	44525374	A	G	rs9614203	ENSG00000138964	PARVG	-0.0966976393570587	0.098058067569092	0.3241331	-0.12118233082750157	0.09360017708024317	0.19543044459184478
22	44525634	T	C	rs9614204	ENSG00000138964	PARVG	0.1202264765541272	0.098058067569092	0.2201234	0.1282462851683377	0.09274709095543474	0.16674072418232744
22	44525739	G	A	rs12628899	ENSG00000138964	PARVG	-0.0227097679644706	0.098058067569092	0.8170041	-0.005282401118754915	0.09381036481947755	0.9550953665890862
22	44525798	G	C	rs11704380	ENSG00000138964	PARVG	-0.1233128836482846	0.098058067569092	0.2086088	-0.10823341287206344	0.09476101337249655	0.25338237118096407
22	44526130	G	A	rs4823194	ENSG00000138964	PARVG	-0.1182905749609511	0.098058067569092	0.2277404	-0.10407987396474834	0.09481187826596305	0.2723130499545031
22	44526267	T	C	rs2267612	ENSG00000138964	PARVG	-0.0240727064630337	0.098058067569092	0.8061467	-0.01615402725570968	0.09347295334074879	0.8627926513002109
22	44527227	T	G	rs2281269	ENSG00000138964	PARVG	0.1182196103374514	0.098058067569092	0.2278946	0.12416344510226456	0.09288805299706833	0.18132063586509062
22	44527714	A	G	rs738483	ENSG00000138964	PARVG	-0.0911561720367874	0.098058067569092	0.3525782	-0.11621468520939213	0.09355492833184333	0.2141598098554841
22	44527845	G	A	rs738484	ENSG00000138964	PARVG	-0.0911561720367874	0.098058067569092	0.3525782	-0.11255562061568222	0.0935023861984769	0.22867744113248356
22	44528146	T	A	rs2073031	ENSG00000138964	PARVG	-0.0268240589461143	0.098058067569092	0.7845458	-0.009689854578696703	0.09382400569220588	0.917743190722193
22	44530079	A	G	rs2179559	ENSG00000138964	PARVG	-0.1186080085372858	0.098058067569092	0.2265092	-0.10279641649041069	0.09466700064705724	0.2775348262583732
22	44530420	T	C	rs2267614	ENSG00000138964	PARVG	0.1190864632663756	0.098058067569092	0.2245187	0.11995223546456589	0.09283114960218981	0.19630346700821677
22	44530454	T	C	rs73181265	ENSG00000138964	PARVG	-0.0150165830501104	0.098058067569092	0.8783983	0.025133498716606233	0.09550895199377529	0.7924324009516198
22	44530774	C	A	rs2267615	ENSG00000138964	PARVG	-0.0146798712576917	0.098058067569092	0.8810802	-0.04115949905993313	0.09326855399515263	0.6589951572688777
22	44531006	T	C	rs6006493	ENSG00000138964	PARVG	-0.0215528690774837	0.098058067569092	0.8261827	-0.0003905453171520137	0.09382049434190308	0.9966786662007089
22	44531337	T	C	rs36062246	ENSG00000138964	PARVG	-0.125601970789231	0.098058067569092	0.2002639	-0.10362318049137213	0.09409424998153093	0.2707791369577699
22	44534887	A	T	rs1002428	ENSG00000138964	PARVG	-0.121264784014196	0.098058067569092	0.2162356	-0.10467947205812946	0.0942493025588756	0.2667122511056147
22	44535208	C	T	rs61515665	ENSG00000138964	PARVG	-0.0243937976052886	0.098058067569092	0.8036702	-0.00649702604326949	0.09361558378489832	0.9446703401678217
22	44535578	A	G	rs8135839	ENSG00000138964	PARVG	-0.1195154378945702	0.098058067569092	0.2229201	-0.10306363233979575	0.0942493025588756	0.274164924096132
22	44537135	G	C	rs2092439	ENSG00000138964	PARVG	0.1124252708725329	0.098058067569092	0.251547	0.11347975887209767	0.09287079907779583	0.22174166027310338
22	44537905	T	C	rs2255388	ENSG00000138964	PARVG	0.0756069963984821	0.098058067569092	0.4405884	0.07938879465346528	0.0928131903433943	0.3923512595220928
22	44538688	T	C	rs2267617	ENSG00000138964	PARVG	0.0945377731375548	0.098058067569092	0.3349457	0.0680336328820978	0.0926620286959608	0.46281914990105877
22	44538890	T	C	rs4823115	ENSG00000138964	PARVG	-0.0768605020936381	0.098058067569092	0.4331575	-0.06114638960200147	0.09401800244734765	0.5154539284119868
22	44538901	C	T	rs2267618	ENSG00000138964	PARVG	0.0845964697428787	0.098058067569092	0.3882474	0.05886579847560019	0.09266879826192102	0.5252798431110139
22	44539293	T	C	rs2267620	ENSG00000138964	PARVG	0.0618389278878884	0.098058067569092	0.5281713	0.07769943499621094	0.09280745113547122	0.4024738784208276
22	44539902	A	G	rs2284158	ENSG00000138964	PARVG	-0.1074518637434961	0.098058067569092	0.2731663	-0.06696924655167416	0.09294121834108754	0.47118343522766704
22	44540391	A	G	rs12628301	ENSG00000138964	PARVG	-0.0472581246958617	0.098058067569092	0.629948	-0.029696424485084073	0.09331938513771218	0.7503153827315119
22	44540969	C	T	rs13056117	ENSG00000138964	PARVG	-0.038782926692638	0.098058067569092	0.6925477	-0.03230766111947072	0.09330184316141593	0.729139555346646
22	44540972	A	G	rs13057572	ENSG00000138964	PARVG	-0.038782926692638	0.098058067569092	0.6925477	-0.03230766111947072	0.09330184316141593	0.729139555346646
22	44541350	A	C	rs35949543	ENSG00000138964	PARVG	-0.0381016290449747	0.098058067569092	0.69772	-0.03451427779991519	0.09330256432734446	0.711443750495903
22	44541359	G	C	rs139068	ENSG00000138964	PARVG	0.0691030597275999	0.098058067569092	0.4809347	0.10166814572673565	0.0931593599198385	0.27512514507246955
22	44541404	G	A	rs11914097	ENSG00000138964	PARVG	-0.0381016290449747	0.098058067569092	0.69772	-0.0316272245614102	0.09330184316141593	0.7346266880569773
22	44543005	T	C	rs5764557	ENSG00000138964	PARVG	-0.0556300773597418	0.098058067569092	0.5705783	-0.04413068054832813	0.0933020524614443	0.6362222806590734
22	44544028	A	G	rs5764558	ENSG00000138964	PARVG	-0.0535842428670141	0.098058067569092	0.584791	-0.03511249297731905	0.09325017438046525	0.7065149076454192
22	44544660	G	A	rs5764559	ENSG00000138964	PARVG	-0.0265375626900977	0.098058067569092	0.7866987	-0.04800257139306416	0.09304626637900545	0.605924234810264
22	44545356	T	C	rs13056630	ENSG00000138964	PARVG	-0.0515389378878512	0.098058067569092	0.5993052	-0.04287826751912827	0.09328803309723951	0.6457795989259603
22	44545365	C	T	rs5764560	ENSG00000138964	PARVG	-0.0258566082456708	0.098058067569092	0.7920882	-0.05339357808310048	0.09311601189686737	0.5663676611494783
22	44545522	G	A	rs5764098	ENSG00000138964	PARVG	-0.0265375626900977	0.098058067569092	0.7866987	-0.054044625574714726	0.09311601189686737	0.561644237061099
22	44545545	C	T	rs5764561	ENSG00000138964	PARVG	-0.0265375626900977	0.098058067569092	0.7866987	-0.056579436417179045	0.09313651956593584	0.5435262603869553
22	44545762	A	G	rs13056511	ENSG00000138964	PARVG	-0.0515389378878512	0.098058067569092	0.5993052	-0.04291502283082826	0.09328803309723951	0.6454967726121525
22	44546419	T	C	rs5764562	ENSG00000138964	PARVG	-0.0272185465519447	0.098058067569092	0.781473	-0.053284465376011406	0.09313523793942298	0.5672411674978932
22	44546499	C	T	rs5764563	ENSG00000138964	PARVG	-0.0272185465519447	0.098058067569092	0.781473	-0.05470477409954263	0.09311601189686737	0.5568743165668814
22	44546582	G	A	rs5764564	ENSG00000138964	PARVG	-0.0272185465519447	0.098058067569092	0.781473	-0.05470477409954263	0.09311601189686737	0.5568743165668814
22	44546861	A	G	rs13057449	ENSG00000138964	PARVG	-0.0191238236566959	0.098058067569092	0.8453929	0.0029773627490212967	0.09401738762527484	0.974736643736882
22	44547711	C	T	rs5764566	ENSG00000138964	PARVG	-0.0462050104675899	0.098058067569092	0.6374979	-0.07164234931529612	0.09313283397700338	0.44174544363112345
22	44548944	G	A	rs10483222	ENSG00000138964	PARVG	-0.0373499060931833	0.098058067569092	0.7033517	-0.016087288105748263	0.0938971128286442	0.8639651654432644
22	44549577	G	A	rs74913363	ENSG00000138964	PARVG	-0.0928614802782679	0.098058067569092	0.3436388	-0.07207598495624792	0.0949202635747666	0.44765403409242177
22	44551180	A	C	rs13055008	ENSG00000138964	PARVG	-0.0694301520235902	0.098058067569092	0.4789453	-0.06371045447654432	0.09333166146083074	0.49484431293634246
22	44552752	T	G	rs8141159	ENSG00000138964	PARVG	-0.0095231445713345	0.098058067569092	0.9227264	0.01931917872145677	0.09503373444824285	0.8389102557760563
22	44552766	T	C	rs139069	ENSG00000138964	PARVG	-0.0534944707061546	0.098058067569092	0.5854784	-0.1488138942711898	0.09372515415476253	0.11233858382605746
22	44553005	A	G	rs4823195	ENSG00000138964	PARVG	-0.0473509170452023	0.098058067569092	0.6292378	-0.04120528651772168	0.09497054312831942	0.6643796575327091
22	44553006	C	A	rs5764571	ENSG00000138964	PARVG	-0.0478517290136979	0.098058067569092	0.6256915	-0.13985714508877947	0.09490890128412335	0.14059105813400288
22	44553011	T	C	rs28610427	ENSG00000138964	PARVG	0.0193819909369918	0.098058067569092	0.8432015	0.03935983085019099	0.09415934485878101	0.6759376075858535
22	44553186	C	T	rs139070	ENSG00000138964	PARVG	-0.0641596583672393	0.098058067569092	0.512983	-0.14173241103037254	0.09254615250086394	0.12565126092159348
22	44554577	C	G	rs139071	ENSG00000138964	PARVG	-0.0604228026934758	0.098058067569092	0.5378945	-0.04983664059615075	0.09374871514439373	0.5950043680837092
22	44554952	C	A	rs79470	ENSG00000138964	PARVG	-0.0559618568313619	0.098058067569092	0.5682708	-0.11296834341422764	0.09319647195764297	0.22545398174117903
22	44555028	A	G	rs79471	ENSG00000138964	PARVG	-0.0562641012130301	0.098058067569092	0.5662385	-0.10840237619269988	0.09318620989366591	0.2447127752089191
22	44555610	A	G	rs139073	ENSG00000138964	PARVG	-0.0393569095911537	0.098058067569092	0.6882729	-0.0933402251593757	0.09319820808410095	0.3165736311976074
22	44555712	T	A	rs139074	ENSG00000138964	PARVG	-0.0393569095911537	0.098058067569092	0.6882729	-0.08691788361198777	0.09320176306275965	0.35103806395804726
22	44556101	C	G	rs79472	ENSG00000138964	PARVG	-0.0392854252598958	0.098058067569092	0.6887146	-0.08137130986525755	0.09326937059044403	0.38297201094845135
22	44557063	A	G	rs4823197	ENSG00000138964	PARVG	-0.041610744856809	0.098058067569092	0.67142	-0.038439206250765905	0.09493722411574576	0.6855577995761473
22	44557169	T	C	rs5764577	ENSG00000138964	PARVG	-0.0371720973992603	0.098058067569092	0.7046879	-0.08875673066356966	0.09328952736755106	0.3413955166450364
22	44557295	A	G	rs139075	ENSG00000138964	PARVG	-0.0367962114088477	0.098058067569092	0.7075117	-0.0869270654222317	0.0932698590682748	0.35133898132207353
22	44557355	A	G	rs139076	ENSG00000138964	PARVG	-0.0367962114088477	0.098058067569092	0.7075117	-0.08565818341404718	0.09327825773957028	0.35845756665546935
22	44558459	C	A	rs2744984	ENSG00000138964	PARVG	0.0054652173669295	0.098058067569092	0.9555011	-0.07608210321883321	0.09314884446192849	0.4140542248014716
22	44558682	C	G	rs67296973	ENSG00000138964	PARVG	-0.0024253290200268	0.098058067569092	0.980374	0.03321711540229212	0.09515189125159106	0.7270174700275758
22	44558718	A	G	rs139077	ENSG00000138964	PARVG	-0.0342366605059322	0.098058067569092	0.7270893	-0.08899405893509216	0.0932684677375174	0.33999713595045844
22	44558811	T	C	rs139078	ENSG00000138964	PARVG	-0.0007465454858237	0.098058067569092	0.9939361	0.03935490475640959	0.09334584148527827	0.6733146758135384
22	44559335	A	G	rs71330735	ENSG00000138964	PARVG	-0.0349052988570723	0.098058067569092	0.7219903	-0.025549043130281876	0.09494343306619937	0.7878546327296851
22	44559645	T	C	rs139079	ENSG00000138964	PARVG	0.0079805833045983	0.098058067569092	0.9351238	-0.07013747717780439	0.09317143228477648	0.4515828599641021
22	44559842	G	A	rs139081	ENSG00000138964	PARVG	0.0079805833045983	0.098058067569092	0.9351238	-0.07251307027459067	0.09314244836533107	0.4362637141546547
22	44559995	A	G	rs2272940	ENSG00000138964	PARVG	-0.0070975311829116	0.098058067569092	0.9424427	0.024970735992382757	0.09517921940830104	0.7930478283652967
22	44560133	T	A	rs139082	ENSG00000138964	PARVG	0.0083648826772084	0.098058067569092	0.9319434	-0.0722825044157782	0.09312518192149856	0.4376389050766307
22	44560573	T	C	rs139084	ENSG00000138964	PARVG	0.0094307836774912	0.098058067569092	0.9233617	-0.08241784611619014	0.09303106215804441	0.37566198461137534
22	44560839	G	A	rs9614354	ENSG00000138964	PARVG	-0.0439494493799454	0.098058067569092	0.6541532	0.004166233113801723	0.09511477160178163	0.9650620996947319
22	44560873	C	T	rs139085	ENSG00000138964	PARVG	-0.0373268624473046	0.098058067569092	0.7035001	-0.12711516453216545	0.09284386256852654	0.1709591573100997
22	44561016	T	C	rs139086	ENSG00000138964	PARVG	-0.0475298730185159	0.098058067569092	0.6279601	-0.13641636495785686	0.09297502453510287	0.14231168599787217
22	44561287	C	T	rs5764106	ENSG00000138964	PARVG	-0.0176351943271228	0.098058067569092	0.8573096	0.004296172773239525	0.09380238562245535	0.9634694590307831
22	44561418	A	G	rs139087	ENSG00000138964	PARVG	-0.0531681530688982	0.098058067569092	0.5876807	-0.14691184579555325	0.09301810148441222	0.11424666295262702
22	44562261	G	A	rs139088	ENSG00000138964	PARVG	0.0808392670200946	0.098058067569092	0.4095987	0.1631371287904537	0.09342386212521851	0.08077549690540736
22	44562349	G	A	rs139089	ENSG00000138964	PARVG	-0.0583085040579713	0.098058067569092	0.5521109	-0.1448258659688763	0.09306927920294544	0.11968237200701984
22	44562729	G	A	rs2744985	ENSG00000138964	PARVG	-0.0572495553746792	0.098058067569092	0.5593549	-0.13882959283809967	0.09307762991801659	0.13581812957794287
22	44562838	T	G	rs139091	ENSG00000138964	PARVG	-0.0569479483704502	0.098058067569092	0.5615101	-0.13733089266476967	0.09309285341384023	0.14015787113887
22	44563539	A	G	rs10428052	ENSG00000138964	PARVG	0.0831104095346758	0.098058067569092	0.3966608	0.16737216091309465	0.09487884089337606	0.07772153584461212
22	44564297	A	C	rs139095	ENSG00000138964	PARVG	0.046963362144749	0.098058067569092	0.6319386	0.14999060019628466	0.0937504617819566	0.10962257656853712
22	44564402	A	G	rs6006687	ENSG00000138964	PARVG	0.0814637302117948	0.098058067569092	0.4060866	0.1698940884204496	0.09425103094163306	0.07145575940232707
22	44564407	T	C	rs139096	ENSG00000138964	PARVG	0.1811949625878182	0.098058067569092	0.0646023	0.047426800095543634	0.09308747555619326	0.6104113491319554
22	44565334	T	C	rs9614356	ENSG00000138964	PARVG	-0.0009096552754181	0.098058067569092	0.9926596	0.08400770242040523	0.09293187976865307	0.36601090372033507
22	44565511	A	G	rs9614357	ENSG00000138964	PARVG	0.0341047135702112	0.098058067569092	0.7278402	0.13183544437368722	0.09307173180382049	0.15663125064057604
22	44566069	T	C	rs2744986	ENSG00000138964	PARVG	0.0024911063717522	0.098058067569092	0.9795764	0.026861752114833836	0.09397856600259653	0.7750094820736436
22	44566184	A	G	rs139098	ENSG00000138964	PARVG	0.0012108700473769	0.098058067569092	0.9901065	0.029239743535566156	0.09396113475727418	0.7556563626421762
22	44566273	G	A	rs139100	ENSG00000138964	PARVG	0.0018928148782861	0.098058067569092	0.984522	0.029894650946282776	0.09396113475727418	0.7503637640448274
22	44566434	A	G	rs9614359	ENSG00000138964	PARVG	0.0010422886176121	0.098058067569092	0.991383	0.09525538680636118	0.09308403545077372	0.30615336315351627
22	44566985	T	C	rs4823199	ENSG00000138964	PARVG	-0.0013831678779025	0.098058067569092	0.98883	0.08378867408912276	0.0930602183368496	0.36792312139976335
22	44567435	G	A	rs9614207	ENSG00000138964	PARVG	-0.0010875228041817	0.098058067569092	0.9912234	0.08635367081713752	0.09312566651268496	0.35378060281379786
22	44567644	T	C	rs139102	ENSG00000138964	PARVG	0.0010780503948545	0.098058067569092	0.9912234	0.024403538933344817	0.09413697298011188	0.7954544134375561
22	44567740	C	T	rs6006689	ENSG00000138964	PARVG	0.0542808179616046	0.098058067569092	0.5798526	-0.022147622128384243	0.09291841397687922	0.8116053193854471
22	44567854	T	G	rs1127721	ENSG00000138964	PARVG	-0.1093207916765225	0.098058067569092	0.2649361	-0.13174705162521294	0.09407767752171915	0.16139143214699192
22	44568078	A	G	rs9614208	ENSG00000138964	PARVG	0.0508733099193855	0.098058067569092	0.6037607	0.15078049507481722	0.09326010036649647	0.10592709782754882
22	44569203	A	G	rs8137383	ENSG00000138964	PARVG	0.055263477468328	0.098058067569092	0.5730264	0.14313383244730896	0.09315615422815264	0.12441737236825727
22	44569340	T	C	rs139104	ENSG00000138964	PARVG	0.0535580613629731	0.098058067569092	0.5849285	0.06407750336578376	0.09358831128707226	0.49354952494583815
22	44569414	A	C	rs7292425	ENSG00000138964	PARVG	-0.1107253460189619	0.098058067569092	0.2588978	-0.10299698796844105	0.09438333444603957	0.2751574193134164
22	44569532	T	C	rs8142506	ENSG00000138964	PARVG	-9.5792926208246e-05	0.098058067569092	0.9993617	0.10748462665430451	0.09355417053253653	0.2505961591484732
22	44569722	T	C	rs7292880	ENSG00000138964	PARVG	-0.1111301591393074	0.098058067569092	0.2571303	-0.11356678120513614	0.09432883599952306	0.22861062930989462
22	44569723	A	G	rs9614360	ENSG00000138964	PARVG	0.0015609765718256	0.098058067569092	0.9872344	0.12597446010498203	0.09367386360076971	0.17868345662503837
22	44571080	T	C	rs6006691	ENSG00000138964	PARVG	-0.0625185389367895	0.098058067569092	0.5238643	0.043019901374468775	0.09289313668878836	0.6432842814475523
22	44571555	T	C	rs9614210	ENSG00000138964	PARVG	0.0038980141078133	0.098058067569092	0.9682526	0.12847572005221	0.09367208012089652	0.17020430451143487
22	44571565	T	G	rs6006495	ENSG00000138964	PARVG	-0.1139429155842997	0.098058067569092	0.2453167	-0.11655727045585644	0.09429167351061407	0.2164082583310004
22	44571672	A	G	rs9614361	ENSG00000138964	PARVG	0.0038980141078133	0.098058067569092	0.9682526	0.12875406554872734	0.09366735717067842	0.16925907723113698
22	44571818	A	G	rs139108	ENSG00000138964	PARVG	0.0135933094225721	0.098058067569092	0.8896082	0.0050145435660017374	0.09350901440459634	0.9572328928557551
22	44571826	A	G	rs139109	ENSG00000138964	PARVG	0.034541866241241	0.098058067569092	0.7245383	0.024078575383653322	0.09341537325848263	0.7965935516073803
22	44572076	C	T	rs139111	ENSG00000138964	PARVG	0.0283567065422192	0.098058067569092	0.7724283	-0.11929076731381304	0.09409385790868557	0.2048747947197983
22	44572210	G	T	rs139112	ENSG00000138964	PARVG	0.0535215053153834	0.098058067569092	0.5850659	0.08404979923350771	0.09326239506096201	0.3674721368649633
22	44572578	A	G	rs9614362	ENSG00000138964	PARVG	0.0052586188243682	0.098058067569092	0.9570945	0.13259872223891242	0.09368039766626526	0.15694034136500215
22	44572681	G	A	rs139115	ENSG00000138964	PARVG	0.0520515070186484	0.098058067569092	0.5954188	0.060702056066158284	0.09354341873288152	0.5163910487109298
22	44573542	C	T	rs139116	ENSG00000138964	PARVG	0.0517499686550666	0.098058067569092	0.5976382	0.05965370498487567	0.09354145689487689	0.523652852143198
22	44573620	A	G	rs139117	ENSG00000138964	PARVG	0.0517499686550666	0.098058067569092	0.5976382	0.05964026034021894	0.09354019249045817	0.5237408226353577
22	44573661	A	G	rs139118	ENSG00000138964	PARVG	0.0339327099138883	0.098058067569092	0.7291924	0.009937242689919086	0.09328319158843239	0.9151636888791818
22	44574000	A	G	rs139119	ENSG00000138964	PARVG	0.0745044510983488	0.098058067569092	0.4473741	0.08040774741808446	0.09347171637010832	0.3896588930521837
22	44574404	A	G	rs2092351	ENSG00000138964	PARVG	0.0343180094787875	0.098058067569092	0.7263387	0.010339562394098686	0.09328319158843239	0.9117427710683638
22	44574547	A	G	rs139120	ENSG00000138964	PARVG	0.0738088271670136	0.098058067569092	0.4515701	0.07986278608545748	0.09347686412331158	0.39290618915961284
22	44575138	C	G	rs139122	ENSG00000138964	PARVG	0.0333231711600721	0.098058067569092	0.7338565	0.010619828486096411	0.09328422958985333	0.909361639761253
22	44575578	C	G	rs878405	ENSG00000138964	PARVG	0.0085717459765521	0.098058067569092	0.9301946	0.1339490553653415	0.09367099051405799	0.15271843180203756
22	44576085	A	G	rs139123	ENSG00000138964	PARVG	0.0123669462005192	0.098058067569092	0.8995736	-0.008839453591189877	0.09339307039601376	0.9245945392747454
22	44576132	A	G	rs139124	ENSG00000138964	PARVG	0.0735085145292765	0.098058067569092	0.4533752	0.08011898361251343	0.0934759995533475	0.39138545696169547
22	44576213	C	G	rs139125	ENSG00000138964	PARVG	0.0120600832838685	0.098058067569092	0.9021071	-0.009163941717469926	0.09339307039601376	0.9218351899415553
22	44579695	A	G	rs4823203	ENSG00000138964	PARVG	-0.1764904110684424	0.098058067569092	0.0718922	-0.008998692734169316	0.09250489663513718	0.922505614572968
22	44579736	C	T	rs9614363	ENSG00000138964	PARVG	-0.1767937537004674	0.098058067569092	0.0714196	-0.0049993393355401445	0.09249390505262046	0.9568949511902768
22	44579831	T	C	rs9614364	ENSG00000138964	PARVG	-0.1767937537004674	0.098058067569092	0.0714196	-0.007050587093372962	0.09249737933884557	0.93924031401029
22	44580261	T	C	rs11704430	ENSG00000138964	PARVG	-0.1338497525221484	0.098058067569092	0.1722531	0.021093194956521354	0.09302806782221242	0.8206258307712486
22	44580470	T	C	rs8136088	ENSG00000138964	PARVG	-0.1338497525221484	0.098058067569092	0.1722531	0.02023062277385119	0.09318082584719052	0.8281215030037823
22	44580787	A	G	rs139129	ENSG00000138964	PARVG	0.1187654603763815	0.098058067569092	0.2258188	0.014908194343460099	0.0935228248910547	0.8733482124678551
22	44581549	A	G	rs6006693	ENSG00000138964	PARVG	0.0334639335160675	0.098058067569092	0.7328025	0.040479086213753956	0.0959520586867247	0.6731214967345717
22	44582105	A	G	rs139132	ENSG00000138964	PARVG	-0.1223542287565021	0.098058067569092	0.2121776	-0.07606954777859386	0.09486394471005133	0.42262208480107555
22	44582136	A	G	rs3747213	ENSG00000138964	PARVG	0.0189573896986109	0.098058067569092	0.8466457	0.09470033676440326	0.09370609060437346	0.3122030023465593
22	44582264	A	G	rs6519830	ENSG00000138964	PARVG	0.0997353410090546	0.098058067569092	0.3090583	-0.011135923989231416	0.09344158731148207	0.9051365190954006
22	44582820	G	T	rs139133	ENSG00000138964	PARVG	-0.1369980930917825	0.098058067569092	0.1624136	-0.09419880125641786	0.09450362977270381	0.3188740146916642
22	44582929	A	C	rs139134	ENSG00000138964	PARVG	0.0976849272045713	0.098058067569092	0.319153	-0.013013322577789007	0.09328466706076212	0.8890541112966434
22	44584857	C	G	rs139137	ENSG00000138964	PARVG	0.0984094488484191	0.098058067569092	0.3155715	0.1482737030631533	0.09350607144361771	0.11280464727291965
22	44585521	A	G	rs7287841	ENSG00000138964	PARVG	0.0362722773480193	0.098058067569092	0.7113825	0.006586569161722422	0.09429751919074401	0.9443140001223193
22	44585899	A	T	rs139139	ENSG00000138964	PARVG	-0.128126446321377	0.098058067569092	0.1913486	-0.08068239011912656	0.09438637279330345	0.39265648912008255
22	44585941	G	A	rs139140	ENSG00000138964	PARVG	-0.1382095710991784	0.098058067569092	0.1587169	-0.09083917122447346	0.09451235226062588	0.3364840725619739
22	44585958	C	A	rs4998295	ENSG00000138964	PARVG	0.0853930444547762	0.098058067569092	0.3837542	-0.023500131435298572	0.09350069528374602	0.8015540078614334
22	44586522	T	C	rs2272942	ENSG00000138964	PARVG	0.0927659619146489	0.098058067569092	0.3440466	0.15902309937931292	0.09369477562834579	0.08965012898943951
22	44586805	A	G	rs2272943	ENSG00000138964	PARVG	0.0940133487863886	0.098058067569092	0.3376595	0.16062786720727432	0.09354279399823305	0.08595009207473424
22	44588459	C	T	rs3747214	ENSG00000138964	PARVG	0.0972981077396248	0.098058067569092	0.3210024	0.15609732314304986	0.09374831473493171	0.09589918109880224
22	44588796	T	G	rs932380	ENSG00000138964	PARVG	0.0793960876048397	0.098058067569092	0.4180551	-0.015336093582846428	0.09355068596335889	0.8697834760951684
22	44589008	C	T	rs932381	ENSG00000138964	PARVG	0.0793960876048397	0.098058067569092	0.4180551	-0.019292138012638134	0.09354241880246712	0.8366038651204498
22	44589857	T	G	rs139142	ENSG00000138964	PARVG	0.0590777303748238	0.098058067569092	0.5467748	0.10905547323127165	0.09353506251237416	0.2436421527638536
22	44590992	A	G	rs139144	ENSG00000138964	PARVG	0.1024916062013204	0.098058067569092	0.2958381	0.16192731064286875	0.0937379207086682	0.08408737620451344
22	44593488	G	C	rs139146	ENSG00000138964	PARVG	-0.1216581439522494	0.098058067569092	0.2147536	-0.08762231818599171	0.09493156215292167	0.3560045355724808
22	44593624	C	T	rs139147	ENSG00000138964	PARVG	-0.1216581439522494	0.098058067569092	0.2147536	-0.08743765341850147	0.09469699020340562	0.35582930899969156
22	44594209	G	T	rs139150	ENSG00000138964	PARVG	-0.1216581439522494	0.098058067569092	0.2147536	-0.08921063887837574	0.0947275816903797	0.34631557425741333
22	44594584	G	C	rs139152	ENSG00000138964	PARVG	0.0529490521227218	0.098058067569092	0.589197	0.12686414722475078	0.0938876514113238	0.17662062131494538
22	44594992	A	T	rs76846378	ENSG00000138964	PARVG	-0.1216581439522494	0.098058067569092	0.2147536	-0.08568270649008015	0.09491118997696248	0.36664947790103597
22	44595239	G	A	rs16991639	ENSG00000138964	PARVG	0.0967969427620859	0.098058067569092	0.3235446	-0.020449852589814813	0.09357998923482792	0.8270177054543809
22	44595439	T	C	rs139153	ENSG00000138964	PARVG	-0.1223462370239953	0.098058067569092	0.2121776	-0.08422797103777888	0.09494079815152213	0.3749911057755395
22	44595562	A	C	rs139154	ENSG00000138964	PARVG	-0.1223462370239953	0.098058067569092	0.2121776	-0.08422863931343547	0.09494079815152213	0.3749873166942478
22	44595591	G	A	rs470111	ENSG00000138964	PARVG	0.075990736840107	0.098058067569092	0.4383397	-0.04497359436784284	0.09343071306933323	0.6302622855664499
22	44595602	C	T	rs139155	ENSG00000138964	PARVG	0.075990736840107	0.098058067569092	0.4383397	-0.04497359436784284	0.09343071306933323	0.6302622855664499
22	44595839	C	T	rs16991642	ENSG00000138964	PARVG	0.0967969427620859	0.098058067569092	0.3235446	-0.01977964587135359	0.09358806707803582	0.8326157712486492
22	44596743	A	C	rs139158	ENSG00000138964	PARVG	-0.1223462370239953	0.098058067569092	0.2121776	-0.08948627527150471	0.09488487887530203	0.3456278907266732
22	44597302	C	T	rs139159	ENSG00000138964	PARVG	0.0756947681747632	0.098058067569092	0.4401144	-0.04500120090500927	0.09341827653629296	0.6300067774444098
22	44597422	T	C	rs11703937	ENSG00000138964	PARVG	0.0964052105879541	0.098058067569092	0.325509	-0.008473109005366861	0.0936804812295529	0.9279320895328518
22	44597504	T	C	rs139160	ENSG00000138964	PARVG	-0.1343312372455262	0.098058067569092	0.1707493	-0.1139736196362097	0.09384291195745156	0.2245511440171991
22	44597596	A	G	rs139161	ENSG00000138964	PARVG	-0.1223462370239953	0.098058067569092	0.2121776	-0.08392298994146327	0.09490506316304768	0.37654314456730187
22	44597747	T	C	rs139162	ENSG00000138964	PARVG	-0.1216581439522494	0.098058067569092	0.2147536	-0.08484089941155623	0.09496374482426209	0.3716413690943502
22	44597929	A	G	rs139163	ENSG00000138964	PARVG	0.0539329471610965	0.098058067569092	0.5821822	0.13447313304792927	0.0939048590099354	0.15213963101210656
22	44598301	T	G	rs139165	ENSG00000138964	PARVG	0.0658731740689754	0.098058067569092	0.501711	0.14145425691125535	0.09395943216050946	0.13220013811296874
22	44598606	T	C	rs139166	ENSG00000138964	PARVG	0.0791076203816649	0.098058067569092	0.4197817	0.14937896794105684	0.09395290443618594	0.11184956093442938
22	44598692	A	G	rs139167	ENSG00000138964	PARVG	-0.1274656918388694	0.098058067569092	0.1936695	-0.09078134784665098	0.09485419936928954	0.3385359723441034
22	44599123	C	T	rs2064260	ENSG00000138964	PARVG	0.0757168704631933	0.098058067569092	0.439996	0.03948122593940439	0.09425073037256405	0.6752923577298633
22	44599258	A	C	rs139168	ENSG00000138964	PARVG	-0.0523089094460172	0.098058067569092	0.5937567	-0.04738031056081795	0.09394175496292927	0.6140095654740804
22	44599260	G	A	rs139169	ENSG00000138964	PARVG	-0.0062749122482678	0.098058067569092	0.9491295	-0.10171952992792456	0.09461183351711619	0.2823188512093042
22	44599452	T	C	rs139170	ENSG00000138964	PARVG	-0.0523089094460172	0.098058067569092	0.5937567	-0.04619809186493168	0.09395490000279981	0.6229279199441782
22	44599531	A	G	rs139171	ENSG00000138964	PARVG	-0.0523089094460172	0.098058067569092	0.5937567	-0.04619809186493168	0.09395490000279981	0.6229279199441782
22	44599653	G	A	rs139172	ENSG00000138964	PARVG	0.0618177865685205	0.098058067569092	0.5283021	-0.057446390589502565	0.09319962492335764	0.5376437092156954
22	44599656	A	G	rs139173	ENSG00000138964	PARVG	-0.1274656918388694	0.098058067569092	0.1936695	-0.09078782130558384	0.09485419936928954	0.3385015289557666
22	44599781	A	G	rs139174	ENSG00000138964	PARVG	-0.0531987766034	0.098058067569092	0.587543	-0.0470085491260766	0.09395490000279981	0.6168420290997074
22	44599922	G	A	rs139175	ENSG00000138964	PARVG	-0.053495461092637	0.098058067569092	0.5854784	-0.045998033164876405	0.0939456732484481	0.6244001646750692
22	44600135	A	C	rs139176	ENSG00000138964	PARVG	-0.0540889477407922	0.098058067569092	0.5812224	-0.04469600830264664	0.0939751368935746	0.6343485082978522
22	44600172	G	A	rs139177	ENSG00000138964	PARVG	-0.0543857400939036	0.098058067569092	0.5791683	-0.04677909246588875	0.0939456732484481	0.6185279539801934
22	44600175	T	C	rs139178	ENSG00000138964	PARVG	-0.0543857400939036	0.098058067569092	0.5791683	-0.04806810800552793	0.09395498195472103	0.6089254778017528
22	44600500	T	C	rs139179	ENSG00000138964	PARVG	-0.128363393835851	0.098058067569092	0.1905344	-0.0916309336760647	0.09485419933031984	0.33403480617504155
22	44600633	C	G	rs139180	ENSG00000138964	PARVG	-0.128363393835851	0.098058067569092	0.1905344	-0.10103226090687992	0.09479143093289157	0.2864971099915814
22	44600652	A	G	rs139181	ENSG00000138964	PARVG	0.0797652566176238	0.098058067569092	0.4158741	0.15838551116728214	0.09410790682982358	0.09237117490585574
22	44600826	T	C	rs11703622	ENSG00000138964	PARVG	0.0717787702173578	0.098058067569092	0.4640465	0.03584197824024684	0.09424874622608688	0.7037291927574447
22	44600954	C	T	rs139182	ENSG00000138964	PARVG	-0.1289621658138481	0.098058067569092	0.1885099	-0.08909514630145773	0.09481613780716809	0.3473908295956051
22	44600995	A	C	rs139183	ENSG00000138964	PARVG	-0.1289621658138481	0.098058067569092	0.1885099	-0.09222719304774432	0.09485419933031984	0.3308989379743563
22	44601499	G	C	rs139184	ENSG00000138964	PARVG	-0.0582473942702623	0.098058067569092	0.5525121	-0.05016938402846674	0.09394711008841378	0.5933295505121392
22	44602001	T	G	rs139185	ENSG00000138964	PARVG	0.1016714583299792	0.098058067569092	0.2997359	0.17791875786586006	0.09407997494958235	0.0586051559506365
22	44602172	C	T	rs3842785	ENSG00000138964	PARVG	0.1376476885662007	0.098058067569092	0.1603784	0.26851466155195636	0.09518727628690418	0.004788775813475868
22	44602229	A	C	rs139186	ENSG00000138964	PARVG	-0.0409988330977576	0.098058067569092	0.6759471	-0.13611866628183877	0.09492139567010327	0.151568099385043
22	44602549	C	A	rs139187	ENSG00000138964	PARVG	0.1032297088875264	0.098058067569092	0.2924327	0.17758155667631048	0.09409342286617378	0.059121358393458105
22	44603582	A	G	rs139188	ENSG00000138964	PARVG	0.104478713717381	0.098058067569092	0.2866045	0.18074215281364223	0.09409268987783803	0.05474497936848523
22	44603684	T	C	rs139189	ENSG00000138964	PARVG	-0.0400903545191502	0.098058067569092	0.6826864	-0.13936904764240518	0.0949045605866112	0.14196359298139657
22	44603870	C	T	rs139190	ENSG00000138964	PARVG	0.105416894084655	0.098058067569092	0.2822852	0.18241183271371214	0.09408798464773191	0.05253340242191134
22	44605336	G	C	rs139193	ENSG00000138964	PARVG	-0.0397876982935982	0.098058067569092	0.6850365	-0.15105437852522394	0.09473472943650163	0.11082443933503557
22	44605407	G	A	rs139194	ENSG00000138964	PARVG	-0.0397876982935982	0.098058067569092	0.6850365	-0.13859709575863963	0.09489850985560964	0.14415901036209586
22	44605522	C	T	rs139195	ENSG00000138964	PARVG	0.1069832932676172	0.098058067569092	0.2751849	0.18242711460193123	0.09405490494489158	0.05243062142901954
22	44605799	G	A	rs139196	ENSG00000138964	PARVG	0.1079248370266089	0.098058067569092	0.2709837	0.1771253895768073	0.0939905026819127	0.05949696177581486
22	44606259	G	A	rs1133428	ENSG00000138964	PARVG	0.1079248370266089	0.098058067569092	0.2709837	0.18324587884491653	0.09408337390864457	0.05145126271938187
22	44606772	C	T	rs139198	ENSG00000138964	PARVG	0.1078724446011067	0.098058067569092	0.271245	0.18919712630769941	0.09399739011538245	0.04413659262771344
22	44606842	A	G	rs139199	ENSG00000138964	PARVG	-0.039485130320307	0.098058067569092	0.6872425	-0.15346708021095284	0.09474269772191035	0.10526876335270444
22	44607344	A	T	rs139200	ENSG00000138964	PARVG	-0.0388802297130868	0.098058067569092	0.69181	-0.15291698370354873	0.09474269772191035	0.1065222303508821
22	44607436	G	A	rs139201	ENSG00000138964	PARVG	0.1054126481703293	0.098058067569092	0.2822852	0.1748836095442867	0.09401889327794027	0.06287278420708751
22	44607514	C	A	rs6006497	ENSG00000138964	PARVG	0.0625236575679166	0.098058067569092	0.5236039	0.031269030526949904	0.0942023019453574	0.7399384258439441
22	44607655	T	C	rs139202	ENSG00000138964	PARVG	-0.1284279160443114	0.098058067569092	0.1903312	-0.091588078863238	0.09480170387700237	0.33399333838056255
22	44608457	C	A	rs139203	ENSG00000138964	PARVG	-0.053716111356281	0.098058067569092	0.5839666	0.07292047982219957	0.09355089893415292	0.4357006330087404
22	44608612	G	A	rs139204	ENSG00000138964	PARVG	-0.0531247819856123	0.098058067569092	0.5880941	0.07478468426552554	0.09349630446220523	0.42378739004112587
22	44609032	A	G	rs139205	ENSG00000138964	PARVG	0.0348567012787851	0.098058067569092	0.7221401	-0.04653140760703518	0.09352916207915865	0.6188316072915578
22	44609159	G	A	rs139206	ENSG00000138964	PARVG	0.0240016437814663	0.098058067569092	0.8066113	-0.01718116167589571	0.09458422789678905	0.8558579326539948
22	44610112	C	T	rs139207	ENSG00000138964	PARVG	0.0249044742153817	0.098058067569092	0.7994956	-0.029795183163889093	0.09436795872568052	0.7522043363995665
22	44610726	C	A	rs139208	ENSG00000138964	PARVG	0.0252055713176594	0.098058067569092	0.7970244	-0.023178300167219456	0.09446107875972615	0.806166797861992
22	44610981	A	G	rs139209	ENSG00000138964	PARVG	0.0264886611318009	0.098058067569092	0.7870064	-0.028376247607462234	0.09436795872568052	0.7636448654977375
22	44611050	T	G	rs139210	ENSG00000138964	PARVG	0.0264886611318009	0.098058067569092	0.7870064	-0.028344546277288798	0.09436795872568052	0.7639010663832513
22	44611222	G	A	rs9614371	ENSG00000138964	PARVG	0.0270913652383076	0.098058067569092	0.7822409	-0.0216166325562822	0.09441887938735992	0.8189124693040075
22	44611250	G	C	rs9614213	ENSG00000138964	PARVG	0.0270913652383076	0.098058067569092	0.7822409	-0.02691419994475413	0.09438535621097642	0.775527474802239
22	44611298	T	C	rs139211	ENSG00000138964	PARVG	0.0270913652383076	0.098058067569092	0.7822409	-0.02786902491736353	0.09436795872568052	0.7677471785930656
22	44611908	T	C	rs139213	ENSG00000138964	PARVG	0.027694363519017	0.098058067569092	0.7774835	-0.027279065558400446	0.09436795872568052	0.7725268396586848
22	44611929	A	G	rs139214	ENSG00000138964	PARVG	0.027995970523246	0.098058067569092	0.7751845	-0.027025393595776222	0.09436795872568052	0.7745846762828975
22	44612655	G	C	rs139216	ENSG00000138964	PARVG	0.0175155536788817	0.098058067569092	0.8580947	-0.09303366932524393	0.09379055548312237	0.32123165464999504
22	44612761	C	T	rs139217	ENSG00000138964	PARVG	-0.0676926219011064	0.098058067569092	0.4900684	0.062135594128265144	0.09353950630373362	0.5065167912796367
22	44612817	A	G	rs139219	ENSG00000138964	PARVG	-0.0679884336735421	0.098058067569092	0.488184	0.06171822507276851	0.09355164815593395	0.5094312535723793
22	44613103	C	T	rs139220	ENSG00000138964	PARVG	0.0236415549457391	0.098058067569092	0.8094001	-0.058497981989674874	0.09466413765427008	0.5366063615397383
22	44613280	C	T	rs139221	ENSG00000138964	PARVG	-0.0679884336735421	0.098058067569092	0.488184	0.06145779565541209	0.09355001000115595	0.5112122654706307
22	44613522	T	C	rs139222	ENSG00000138964	PARVG	-0.068284274863398	0.098058067569092	0.4863036	0.061001281519611275	0.09355313556080361	0.514369197130984
22	44613612	T	C	rs139224	ENSG00000138964	PARVG	-0.0685801258590607	0.098058067569092	0.4844271	0.05770732849737463	0.09356722150732981	0.5374014365620917
22	44613863	T	C	rs139225	ENSG00000138964	PARVG	0.0255996961086398	0.098058067569092	0.7939383	-0.05293158023507036	0.09466435379565027	0.5760593043843276
22	44614615	A	C	rs139226	ENSG00000138964	PARVG	-0.068284274863398	0.098058067569092	0.4863036	0.04914666122377424	0.0935747029105358	0.599435048641053
22	44614653	G	T	rs139227	ENSG00000138964	PARVG	0.0221806172144475	0.098058067569092	0.8210459	-0.07478663105570592	0.09386742494257051	0.4256100996439811
22	44615218	C	T	rs713927	ENSG00000138964	PARVG	0.0053780731622809	0.098058067569092	0.9561385	-0.06692377374498996	0.09521026647337497	0.4821149458788374
22	44615433	G	A	rs139228	ENSG00000138964	PARVG	-0.068284274863398	0.098058067569092	0.4863036	0.05019064510228402	0.09349292327526842	0.5913788470331469
22	44616195	A	G	rs9614372	ENSG00000138964	PARVG	0.0010853949441155	0.098058067569092	0.9910639	-0.0798203881046164	0.09398697214590225	0.3957306423145025
22	44616218	C	G	rs139229	ENSG00000138964	PARVG	0.0010853949441155	0.098058067569092	0.9910639	-0.08083338740785613	0.0939857544769551	0.38975597261340067
22	44616842	A	G	rs139230	ENSG00000138964	PARVG	-0.0550627133807871	0.098058067569092	0.5745249	-0.12244933527990186	0.09518463605029644	0.1982895017771772
22	44617257	A	G	rs28360640	ENSG00000138964	PARVG	0.0448099775635115	0.098058067569092	0.647671	0.020411088683293378	0.09477356718046522	0.829481280066414
22	44617388	C	G	rs139232	ENSG00000138964	PARVG	0.0038088204895524	0.098058067569092	0.9688904	-0.07791349371524435	0.09395658368318882	0.40696297724444264
22	44617402	G	A	rs139233	ENSG00000138964	PARVG	0.0038088204895524	0.098058067569092	0.9688904	-0.07772923180552062	0.09396620260783813	0.40812136558656664
22	44617455	C	A	rs139234	ENSG00000138964	PARVG	0.0038088204895524	0.098058067569092	0.9688904	-0.0772554965622996	0.0939611050255344	0.4109589847598186
22	44617525	C	T	rs139235	ENSG00000138964	PARVG	0.0038088204895524	0.098058067569092	0.9688904	-0.0777840135205975	0.09396620260783813	0.4077910624896821
22	44617562	G	A	rs16991689	ENSG00000138964	PARVG	0.0441289838958576	0.098058067569092	0.6525662	0.020289007625412574	0.09476913660498625	0.8304778351971867
22	44617643	T	C	rs139236	ENSG00000138964	PARVG	0.003128013132227	0.098058067569092	0.9744721	-0.07988835818137377	0.09395002924309415	0.3951426487776716
22	44617689	T	C	rs139237	ENSG00000138964	PARVG	0.003128013132227	0.098058067569092	0.9744721	-0.076071560358282	0.09390730305482375	0.4178995084433439
22	44617700	A	G	rs139238	ENSG00000138964	PARVG	0.003128013132227	0.098058067569092	0.9744721	-0.07773602723218738	0.0939253732172615	0.407876631557497
22	44617796	T	C	rs139239	ENSG00000138964	PARVG	0.003128013132227	0.098058067569092	0.9744721	-0.07939550089924666	0.09395514622752212	0.3980906208840723
22	44617864	A	G	rs139240	ENSG00000138964	PARVG	0.003128013132227	0.098058067569092	0.9744721	-0.08042816825470725	0.09395535082109072	0.39198372130796044
22	44618382	A	G	rs9614215	ENSG00000138964	PARVG	0.0511935479564526	0.098058067569092	0.6015311	0.04302495790090391	0.09543719574381232	0.6521195776611299
22	44618602	G	C	rs139242	ENSG00000138964	PARVG	-0.0547592824965013	0.098058067569092	0.5765713	-0.13614746697942795	0.09496128022116676	0.1516534441963131
22	44618606	A	G	rs139243	ENSG00000138964	PARVG	0.002447186163288	0.098058067569092	0.980055	-0.08111068117293817	0.09395059488065785	0.38795421667125296
22	44618704	C	T	rs139244	ENSG00000138964	PARVG	0.002447186163288	0.098058067569092	0.980055	-0.08111068117293817	0.09395059488065785	0.38795421667125296
22	44618835	A	G	rs13057050	ENSG00000138964	PARVG	0.0489551274190191	0.098058067569092	0.6174976	0.035813939494056736	0.09543536429640462	0.7074603737472502
22	44619335	T	G	rs139245	ENSG00000138964	PARVG	0.002447186163288	0.098058067569092	0.980055	-0.08254384289106495	0.09394700901908376	0.3796066446515949
22	44619577	G	C	rs79481	ENSG00000138964	PARVG	0.002447186163288	0.098058067569092	0.980055	-0.08251887796326732	0.09392807168841286	0.37965472585608306
22	44619591	C	T	rs139246	ENSG00000138964	PARVG	0.002447186163288	0.098058067569092	0.980055	-0.08251887796326732	0.09392807168841286	0.37965472585608306
22	44619700	A	G	rs139247	ENSG00000138964	PARVG	0.002447186163288	0.098058067569092	0.980055	-0.08253025150588257	0.09392807168841286	0.3795890480235511
22	44619786	G	A	rs139248	ENSG00000138964	PARVG	0.002447186163288	0.098058067569092	0.980055	-0.08253025150588257	0.09392807168841286	0.3795890480235511
22	44620584	G	A	rs139249	ENSG00000138964	PARVG	0.002447186163288	0.098058067569092	0.980055	-0.07915451506867555	0.09390734849262446	0.39928430788519775
22	44620745	A	G	rs139250	ENSG00000138964	PARVG	-0.0751691671267861	0.098058067569092	0.4434383	-0.148597870897573	0.09489520691037684	0.11736841170850368
22	44620858	T	C	rs139252	ENSG00000138964	PARVG	-0.0603598101908694	0.098058067569092	0.5382906	-0.14521744785750962	0.09421079655299981	0.12321707321760347
22	44621083	T	C	rs139254	ENSG00000138964	PARVG	-0.0625456814098926	0.098058067569092	0.5236039	-0.15083569585924755	0.09413657986549571	0.10908775029223469
22	44621182	G	T	rs139255	ENSG00000138964	PARVG	0.0017663101653152	0.098058067569092	0.9854793	-0.0818963447631327	0.09392168609162577	0.3832279261844397
22	44621766	C	G	rs139256	ENSG00000138964	PARVG	-0.0145284107665245	0.098058067569092	0.8823428	-0.10626935222242626	0.09393684977116676	0.2579351416700095
22	44622444	A	G	rs9614373	ENSG00000138964	PARVG	0.0614528732758688	0.098058067569092	0.5307903	0.03652484398657687	0.09469189725032355	0.6997018168529321
22	44622986	T	C	rs139257	ENSG00000138964	PARVG	-0.0990164282866717	0.098058067569092	0.312687	-0.16997541650209352	0.09479989638180085	0.07297426957695861
22	44623369	A	G	rs11704412	ENSG00000138964	PARVG	0.0357649052948033	0.098058067569092	0.7152607	0.00989364136294111	0.09487504992460859	0.916946553887194
22	44623509	T	C	rs11703846	ENSG00000138964	PARVG	0.0350828427942129	0.098058067569092	0.720493	0.009224461183589553	0.09487504992460859	0.9225457525325335
22	44623824	T	C	rs139258	ENSG00000138964	PARVG	-0.0996987555440445	0.098058067569092	0.3093438	-0.16860796960537144	0.09486279782243812	0.07550447385365915
22	44623863	G	A	rs139259	ENSG00000138964	PARVG	-0.0492122552837988	0.098058067569092	0.6158082	-0.11743703769494597	0.09458104523110325	0.2143638407754912
22	44623865	A	G	rs11704535	ENSG00000138964	PARVG	0.0223599261968043	0.098058067569092	0.8194908	0.0146464231878089	0.09563833793565493	0.8782848371583638
22	44623871	T	C	rs11703924	ENSG00000138964	PARVG	0.0344614880432546	0.098058067569092	0.7251383	0.008442491824466455	0.09487025242523926	0.9290899574447594
22	44624060	C	T	rs9614375	ENSG00000138964	PARVG	0.0344007116529753	0.098058067569092	0.7255883	0.006017423646860892	0.09486158078898359	0.9494211308208098
22	44624247	A	G	rs4823121	ENSG00000138964	PARVG	0.0216763241845532	0.098058067569092	0.8249367	0.014194538372876209	0.09564054666940633	0.8820148780544964
22	44624502	G	A	rs4823122	ENSG00000138964	PARVG	0.0337185216768971	0.098058067569092	0.7308463	0.007915238500951091	0.09487504992460859	0.9335112015666935
22	44624685	G	C	rs9614376	ENSG00000138964	PARVG	0.0337185216768971	0.098058067569092	0.7308463	0.00982784548904295	0.09485546687703192	0.9174799344440753
22	44624734	C	T	rs9614377	ENSG00000138964	PARVG	0.0337185216768971	0.098058067569092	0.7308463	0.009841033190932368	0.09485546687703192	0.9173695996049146
22	44625218	T	C	rs4823204	ENSG00000138964	PARVG	0.04462654033651	0.098058067569092	0.6489654	0.024383705859964275	0.0947926768631859	0.7969997150260588
22	44625259	T	C	rs4823205	ENSG00000138964	PARVG	0.0337185216768971	0.098058067569092	0.7308463	0.009832324204882675	0.09485546687703192	0.9174424631130009
22	44625419	G	T	rs9614378	ENSG00000138964	PARVG	0.0330362630601717	0.098058067569092	0.7361169	0.009215215467183402	0.09485546687703192	0.9226072169257574
22	44625466	A	G	rs9614379	ENSG00000138964	PARVG	0.0323539358027989	0.098058067569092	0.7414	0.008576730329316412	0.09485546687703192	0.9279543100731059
22	44625498	T	C	rs139261	ENSG00000138964	PARVG	-0.0458110131520973	0.098058067569092	0.6404999	-0.11610171145737541	0.09457078381274402	0.219570883323144
22	44625708	A	T	rs139262	ENSG00000138964	PARVG	-0.0152704946102738	0.098058067569092	0.8763483	-0.08977408757583331	0.09386111277679984	0.3388415644721441
22	44626164	A	G	rs139263	ENSG00000138964	PARVG	-0.044450584940064	0.098058067569092	0.6504047	-0.11482426816830743	0.09457078381274402	0.2246858029744554
22	44626302	A	C	rs9614216	ENSG00000138964	PARVG	0.0309890851719182	0.098058067569092	0.7518507	0.007278793578174019	0.09485251232672512	0.9388319615518917
22	44626331	C	T	rs4461361	ENSG00000138964	PARVG	0.0303065617984103	0.098058067569092	0.7571694	0.00667469470718806	0.09485251232672512	0.9438998111989689
22	44626567	T	C	rs3884696	ENSG00000138964	PARVG	0.0303065617984103	0.098058067569092	0.7571694	0.006682755583275317	0.09485546687703192	0.9438339188613784
22	44626696	A	G	rs713627	ENSG00000138964	PARVG	0.0296239599784483	0.098058067569092	0.7624996	0.009317766221193612	0.09478363297632814	0.921689595449053
22	44626722	C	G	rs78524	ENSG00000138964	PARVG	-0.0152704946102738	0.098058067569092	0.8763483	-0.09037342553636103	0.09385050103300119	0.3355721582591208
22	44626759	A	G	rs2007205	ENSG00000138964	PARVG	-0.0430901763396442	0.098058067569092	0.6603717	-0.11887245176570954	0.09454957805629288	0.20866314316846812
22	44627599	G	A	rs139264	ENSG00000138964	PARVG	-0.0152704946102738	0.098058067569092	0.8763483	-0.08977408757583331	0.09386111277679984	0.3388415644721441
22	44627793	C	G	rs79484	ENSG00000138964	PARVG	-0.0152704946102738	0.098058067569092	0.8763483	-0.08977408757583331	0.09386111277679984	0.3388415644721441
22	44628068	G	A	rs139265	ENSG00000138964	PARVG	-0.0396892087705318	0.098058067569092	0.6857716	-0.11337534992431855	0.09453616765130199	0.23041902838678452
22	44628336	T	G	rs139266	ENSG00000138964	PARVG	-0.0783618397487682	0.098058067569092	0.4242904	-0.16770818430601508	0.09402731421525885	0.0744868409552037
22	44628526	T	C	rs9614381	ENSG00000138964	PARVG	0.01340400832313	0.098058067569092	0.8911889	0.01231451280026791	0.09554817927315028	0.8974504205445083
22	44629479	G	T	rs9614383	ENSG00000138964	PARVG	0.01340400832313	0.098058067569092	0.8911889	-0.005197453830950706	0.09532845567801584	0.9565196508357087
22	44629679	A	T	rs9614384	ENSG00000138964	PARVG	0.01340400832313	0.098058067569092	0.8911889	-0.005197453830950706	0.09532845567801584	0.9565196508357087
22	44629809	G	A	rs9614218	ENSG00000138964	PARVG	0.0140887968379987	0.098058067569092	0.8856584	-0.0010216437462875867	0.09531023311707247	0.9914475273512194
22	44629914	T	C	rs7289241	ENSG00000138964	PARVG	0.01340400832313	0.098058067569092	0.8911889	-0.005170577095584536	0.09532845567801584	0.9567442726133522
22	44630677	T	C	rs9614385	ENSG00000138964	PARVG	0.01340400832313	0.098058067569092	0.8911889	-0.005170577095584536	0.09532845567801584	0.9567442726133522
22	44631922	A	T	rs9614389	ENSG00000138964	PARVG	0.0137155289979902	0.098058067569092	0.88866	-0.004900214267017228	0.09532845567801584	0.9590040126202245
22	44632810	G	C	rs67588779	ENSG00000138964	PARVG	0.0137155289979902	0.098058067569092	0.88866	0.011217427949610897	0.09560101504746096	0.9065939038771679
22	44634211	T	G	rs9614390	ENSG00000138964	PARVG	0.0137155289979902	0.098058067569092	0.88866	-0.004909579261764404	0.09532630455829148	0.958924806679528
22	44634619	A	G	rs35258904	ENSG00000138964	PARVG	0.0278866063604862	0.098058067569092	0.7761039	-0.0031667809984999786	0.09462596729813211	0.9733027395661018
22	44635286	G	A	rs9614391	ENSG00000138964	PARVG	0.01340400832313	0.098058067569092	0.8911889	-0.005163895474828994	0.09532845567801584	0.9568001146588361
22	44635388	A	C	rs9614392	ENSG00000138964	PARVG	0.02856941410239	0.098058067569092	0.7707454	-0.0024527177412092243	0.09462270473438578	0.9793203280794985
22	44635829	A	T	rs13056981	ENSG00000138964	PARVG	0.0140887968379987	0.098058067569092	0.8856584	-0.00452078661579172	0.09532845570227368	0.9621758870976325
22	44636768	A	G	rs9614219	ENSG00000138964	PARVG	0.01340400832313	0.098058067569092	0.8911889	-0.0051574264716696275	0.09532845570227368	0.956854179953009
22	44637421	A	G	rs9614394	ENSG00000138964	PARVG	0.01340400832313	0.098058067569092	0.8911889	-0.005417328688701427	0.09532939600857814	0.9546826289145867
22	44637993	A	G	rs9626136	ENSG00000138964	PARVG	0.0272037201721283	0.098058067569092	0.7813194	-0.003808771307310337	0.09462596722401397	0.9678931742878901
22	44638701	A	G	rs9614220	ENSG00000138964	PARVG	0.01340400832313	0.098058067569092	0.8911889	-0.0019706264032592243	0.09532850995449972	0.9835073431214973
22	44639120	C	T	rs13058519	ENSG00000138964	PARVG	0.0622690694070869	0.098058067569092	0.525298	0.0213958552923477	0.09465367881338813	0.8211675347039973
22	44639900	T	C	rs11090626	ENSG00000138964	PARVG	0.0870117085877527	0.098058067569092	0.3748636	0.07662213477788381	0.09567652810425896	0.42322098678873776
22	44640134	C	A	rs1043669	ENSG00000138964	PARVG	0.1101555305883179	0.098058067569092	0.2612676	0.0969710375695939	0.09567652810425896	0.3108070439502383
22	44640608	A	G	rs737263	ENSG00000138964	PARVG	-0.007350638666921	0.098058067569092	0.9403738	0.10838866175831927	0.0933807006657175	0.2457565921600936
22	44643624	A	G	rs6519831	ENSG00000138964	PARVG	-0.1024017457882	0.098058067569092	0.2963929	-0.1735226927420661	0.0938508167180244	0.06446930267481403
22	44646663	C	T	rs135444	ENSG00000138964	PARVG	0.0516047152395765	0.098058067569092	0.5986103	-0.02532959925920899	0.09288094352318033	0.7850758396019603
22	44649337	C	G	rs9614409	ENSG00000138964	PARVG	0.0206492345674142	0.098058067569092	0.8331994	-0.028501900616585685	0.09409142719988339	0.7619530526508227
22	44649413	A	T	rs6006503	ENSG00000138964	PARVG	0.0087080270788597	0.098058067569092	0.9290819	-0.026300623583292104	0.09469979189039755	0.7812224637843359
22	44649541	C	T	rs6006504	ENSG00000138964	PARVG	0.0087080270788597	0.098058067569092	0.9290819	-0.02236794512972963	0.0946733702854109	0.8132275252310298
22	44650726	C	T	rs7286955	ENSG00000138964	PARVG	0.0749420940597164	0.098058067569092	0.4446289	0.04726544549064377	0.09441184979182768	0.6166312383804625
22	44651072	A	T	rs9614411	ENSG00000138964	PARVG	0.0526412184312021	0.098058067569092	0.5912676	0.0052326560534123835	0.09406727435096236	0.9556391600039905
22	44654963	A	T	rs135439	ENSG00000138964	PARVG	-0.0746175316618695	0.098058067569092	0.4467765	-0.06965576934006877	0.09492072616093844	0.46305175773440566
22	44656489	A	G	rs135438	ENSG00000138964	PARVG	0.0601881791552032	0.098058067569092	0.5392153	-0.04421731965687832	0.09334609749757113	0.6357194058684661
22	44656581	C	T	rs135437	ENSG00000138964	PARVG	0.0625610078858536	0.098058067569092	0.5234737	-0.039876468423150055	0.09324374976713061	0.6688998754485631
22	44656693	T	C	rs135436	ENSG00000138964	PARVG	0.0625610078858536	0.098058067569092	0.5234737	-0.05126213546452908	0.09322992478542792	0.5824247528267616
22	44656751	C	T	rs135435	ENSG00000138964	PARVG	0.0625610078858536	0.098058067569092	0.5234737	-0.0508073756262997	0.09323849341344216	0.5858096040057026
22	44656768	C	T	rs135434	ENSG00000138964	PARVG	0.0625610078858536	0.098058067569092	0.5234737	-0.051425561844580976	0.09324208182839028	0.5812721972197855
22	44657217	C	T	rs135429	ENSG00000138964	PARVG	0.0625610078858536	0.098058067569092	0.5234737	-0.047809060521779675	0.09326274839652837	0.6082118306050945
22	44657259	T	C	rs135428	ENSG00000138964	PARVG	-0.1054604514782692	0.098058067569092	0.2821957	-0.0582638802189476	0.09324016825908824	0.5320500739723175
22	44657488	G	A	rs5764153	ENSG00000138964	PARVG	0.0086620770683968	0.098058067569092	0.9297177	-0.07958107944974718	0.0926922244171654	0.39058782041409235
22	44657628	C	T	rs135427	ENSG00000138964	PARVG	0.0763262032950676	0.098058067569092	0.4363332	-0.026640981468917118	0.09331395093165475	0.7752623482572654
22	44657735	C	T	rs135426	ENSG00000138964	PARVG	0.0728768342638032	0.098058067569092	0.4572395	-0.04336232108474345	0.09295243357008334	0.6408575642489467
22	44658268	T	C	rs135425	ENSG00000138964	PARVG	-0.0929795421916211	0.098058067569092	0.3430276	-0.10345268479183499	0.09388416245745496	0.270497154447071
22	44659218	T	C	rs135423	ENSG00000138964	PARVG	0.0295293045258239	0.098058067569092	0.763262	0.003784947317112874	0.09373008427575552	0.9677890988478971
22	44664311	A	G	rs135422	ENSG00000138964	PARVG	-0.0766808891312718	0.098058067569092	0.4343321	-0.0712536578427752	0.09362349595028603	0.4466176580839625
22	44664448	T	C	rs135421	ENSG00000138964	PARVG	-0.0766808891312718	0.098058067569092	0.4343321	-0.0647101831507687	0.09365634519776832	0.48960815948316816
22	44664866	G	A	rs135420	ENSG00000138964	PARVG	-0.0809927377016469	0.098058067569092	0.4089176	-0.06834451039799556	0.09357066657241345	0.46514248222957133
22	44665064	A	G	rs2743847	ENSG00000138964	PARVG	-0.0901518318913245	0.098058067569092	0.357991	-0.07901180576721302	0.09360503286439047	0.398614736346232
22	44665659	C	G	rs135418	ENSG00000138964	PARVG	-0.0759960025583355	0.098058067569092	0.4383397	-0.0753274321571016	0.09365328399544913	0.4212108165946912
22	44665681	G	A	rs135417	ENSG00000138964	PARVG	-0.0812960803336719	0.098058067569092	0.4071044	-0.08388871558298344	0.09371527651089565	0.3707098413570614
22	44666676	G	A	rs1807715	ENSG00000138964	PARVG	-0.0439491159825156	0.098058067569092	0.6541532	-0.05400502126724197	0.0936839463334282	0.5643044899019241
22	44666892	A	G	rs135416	ENSG00000138964	PARVG	-0.0251932061953389	0.098058067569092	0.7973332	-0.019371456626909672	0.0934288677696466	0.8357450462645305
22	44667156	C	A	rs135415	ENSG00000138964	PARVG	-0.0728240888292578	0.098058067569092	0.4577239	-0.0729847277565123	0.09366920723332393	0.4358764887451556
22	44667314	G	A	rs28584938	ENSG00000138964	PARVG	-0.0367676176763445	0.098058067569092	0.7078092	-0.047764846943858665	0.09370264737620367	0.6102271988343891
22	44667857	A	G	rs135413	ENSG00000138964	PARVG	-0.0376793517827952	0.098058067569092	0.7008302	-0.03927931243942075	0.0937265561850529	0.6751546471260603
22	44668792	G	A	rs135412	ENSG00000138964	PARVG	-0.0364643632965804	0.098058067569092	0.7100418	-0.025658150409542516	0.09351847900386649	0.7838045241561767
22	44669981	G	C	rs135411	ENSG00000138964	PARVG	-0.0721435658403283	0.098058067569092	0.4619742	-0.05528962436917743	0.0935724398265829	0.5546041135245656
22	44670216	A	G	rs135409	ENSG00000138964	PARVG	-0.0295996709951115	0.098058067569092	0.7628045	-0.03644069046529152	0.09371889745325954	0.6974021313587995
22	44670881	C	T	rs135408	ENSG00000138964	PARVG	-0.0654381590638186	0.098058067569092	0.5046444	-0.06865570279101134	0.09373152679624529	0.46388063160169823
22	44671301	A	G	rs135407	ENSG00000138964	PARVG	-0.0361110993023559	0.098058067569092	0.7127241	-0.02605227054729909	0.09382034214421955	0.7812560677238278
22	44672019	A	C	rs135406	ENSG00000138964	PARVG	-0.0709087304012375	0.098058067569092	0.4696799	-0.080124673335882	0.09373623271239848	0.39266813013169455
22	44672766	G	C	rs126259	ENSG00000138964	PARVG	0.0971346351351803	0.098058067569092	0.3218809	0.09664841344582985	0.09306544946775654	0.2990376143995205
22	44674002	T	C	rs135405	ENSG00000138964	PARVG	-0.0841740061703707	0.098058067569092	0.3906716	-0.08441562117626852	0.09353764417035841	0.366803257604821
22	44674481	C	T	rs1122689	ENSG00000138964	PARVG	0.1499001323612196	0.098058067569092	0.126314	0.15649592240859111	0.09337122353767076	0.09372612715001301
22	44674968	C	A	rs79365	ENSG00000138964	PARVG	-0.0834890215393668	0.098058067569092	0.3945472	-0.07093610818809976	0.09343142540638615	0.4477139135045396
22	44675172	A	G	rs79364	ENSG00000138964	PARVG	-0.0834890215393668	0.098058067569092	0.3945472	-0.09034760463576959	0.09350417699176398	0.33392341321898866
22	44675942	C	T	rs135404	ENSG00000138964	PARVG	-0.0834890215393668	0.098058067569092	0.3945472	-0.08185971825299115	0.09346243531758541	0.3811078362083159
22	44676087	A	G	rs135403	ENSG00000138964	PARVG	-0.0834890215393668	0.098058067569092	0.3945472	-0.08608909777320213	0.0934615896513178	0.3569891294220483
22	44676852	T	G	rs135401	ENSG00000138964	PARVG	-0.0834890215393668	0.098058067569092	0.3945472	-0.08296496469461367	0.09353821995754187	0.3750986801060231
22	44677081	C	T	rs135400	ENSG00000138964	PARVG	0.1008680097475451	0.098058067569092	0.3035737	0.12688659080094944	0.09317637442604483	0.17326438563078883
22	44677120	A	G	rs135399	ENSG00000138964	PARVG	0.1005624019741593	0.098058067569092	0.3050802	0.12063787151587785	0.09337017592876055	0.19634377691912452
22	44677276	T	C	rs135398	ENSG00000138964	PARVG	-0.0834890215393668	0.098058067569092	0.3945472	-0.0991010169055512	0.09348617505613549	0.2891170012894635
22	44677429	G	T	rs135397	ENSG00000138964	PARVG	-0.0828041251606238	0.098058067569092	0.3984459	-0.09774691647469352	0.093481991756084	0.29573514668158696
22	44677647	A	G	rs135396	ENSG00000138964	PARVG	-0.0834890215393668	0.098058067569092	0.3945472	-0.09347637513985475	0.09338745295949856	0.31684992520761956
22	44678405	C	T	rs135395	ENSG00000138964	PARVG	0.102634780785778	0.098058067569092	0.2951918	0.11616052665606827	0.09332274850418071	0.21323534124366172
22	44678726	A	G	rs9614419	ENSG00000138964	PARVG	-0.0102746517953773	0.098058067569092	0.9166932	-0.017276574035960394	0.09489368234591422	0.8555337354441173
22	44678727	T	C	rs9614420	ENSG00000138964	PARVG	-0.0099723191614482	0.098058067569092	0.9190742	-0.017001026037249786	0.09489368234591422	0.8578131141947625
22	44678846	G	C	rs135394	ENSG00000138964	PARVG	-0.0848787789194101	0.098058067569092	0.3868193	-0.08720300023588753	0.09350045414520838	0.3510018040476983
22	44678917	G	C	rs135393	ENSG00000138964	PARVG	-0.0962603297931208	0.098058067569092	0.3262969	-0.08274645008028998	0.09341850285307769	0.37574642445133355
22	44678933	T	C	rs135392	ENSG00000138964	PARVG	-0.0968561796407044	0.098058067569092	0.3233486	-0.08269595542848403	0.09345501967491597	0.37622437100697914
22	44679762	A	G	rs135391	ENSG00000138964	PARVG	-0.1050373897515491	0.098058067569092	0.2841694	-0.09797587338452765	0.0934395183674192	0.2943859368485394
22	44680625	C	G	rs135389	ENSG00000138964	PARVG	-0.1043536994870372	0.098058067569092	0.2872381	-0.09474152938409368	0.09340595257639893	0.31044027935077745
22	44681612	A	G	rs135388	ENSG00000138964	PARVG	-0.1095242131376946	0.098058067569092	0.2640798	-0.10218687784428072	0.09339815977570201	0.27391135142123235
22	44681832	A	G	rs135387	ENSG00000138964	PARVG	0.1016918347964201	0.098058067569092	0.2996427	0.09999261160621331	0.0932311377359278	0.28348484200544743
22	44684039	G	A	rs9614421	ENSG00000138964	PARVG	0.0216585560627096	0.098058067569092	0.8250924	0.014545757207583821	0.0948236413629083	0.8780844197467451
22	44684288	G	C	rs8136536	ENSG00000138964	PARVG	0.0041378445294737	0.098058067569092	0.9663393	-0.040133292111743935	0.09404634057605629	0.66956904767858
22	44684376	A	C	rs74329052	ENSG00000138964	PARVG	0.0042938843323964	0.098058067569092	0.9650638	-0.011588818536196479	0.09538362644779126	0.9032974399647696
22	44684979	G	A	rs9614422	ENSG00000138964	PARVG	0.0102090215307533	0.098058067569092	0.9170106	-0.004295095128803184	0.09461390751672022	0.9637916508482923
22	44685113	T	G	rs8136256	ENSG00000138964	PARVG	0.0096102593585629	0.098058067569092	0.9217735	0.002567299863450927	0.09524119101774	0.9784950097519568
22	44685618	A	G	rs8136994	ENSG00000138964	PARVG	0.0018155549268484	0.098058067569092	0.9851602	0.010617146243296445	0.09500050631210956	0.9110146251062415
22	44685756	C	T	rs9626143	ENSG00000138964	PARVG	0.1120783806527005	0.098058067569092	0.2530386	0.1354956332407415	0.09447945629468515	0.15153574024426494
22	44688538	C	G	rs9614425	ENSG00000138964	PARVG	-0.0023590025431231	0.098058067569092	0.9808526	-0.010572403719892199	0.09536401476512867	0.9117244629410906
22	44689172	T	C	rs9614427	ENSG00000138964	PARVG	-0.0052194936554081	0.098058067569092	0.9575726	-0.01658966535236875	0.09536835686797196	0.8619019580913736
22	44689237	G	A	rs9614428	ENSG00000138964	PARVG	-0.0046212021619421	0.098058067569092	0.9625132	-0.01917987607505986	0.09502537801540224	0.8400421898623696
22	44689290	T	C	rs7510604	ENSG00000138964	PARVG	0.1047451570985797	0.098058067569092	0.2854303	0.12137940560641135	0.09459206312010174	0.19942619940920525
22	44690738	C	T	rs9614429	ENSG00000138964	PARVG	-0.0059017522721336	0.098058067569092	0.9521556	-0.015580721895225932	0.09535573968810165	0.8702068547704439
22	44691169	A	T	rs9614431	ENSG00000138964	PARVG	-0.0087611941630956	0.098058067569092	0.928923	-0.015097838622991959	0.09523245167893366	0.8740339038948152
22	44691555	G	A	rs12159191	ENSG00000138964	PARVG	-0.0041542300325645	0.098058067569092	0.9663393	-0.012641574880627114	0.09476163571972104	0.8938739353100104
22	44691640	G	A	rs73165817	ENSG00000138964	PARVG	-0.0078645315816303	0.098058067569092	0.9360782	-0.008661372169295236	0.09483397023797815	0.9272288254323617
