CHR	BP	A1	A2	SNP	GENEID	GENENAME	BETA	SE	PVAL	BETA_IBSEP	SE_IBSEP	PVAL_IBSEP
22	38640841	G	A	rs5756986	ENSG00000213923	CSNK1E	0.1209628338067305	0.098058067569092	0.2174266	0.11781081945078142	0.0751251584293167	0.11683587432720532
22	38642343	C	T	rs2018805	ENSG00000213923	CSNK1E	0.1608804198166308	0.098058067569092	0.1008389	0.21942008130599483	0.07640438248146954	0.0040810778846020095
22	38642494	G	A	rs5995556	ENSG00000213923	CSNK1E	0.1353573364761827	0.098058067569092	0.1674635	0.18091474977047436	0.0769733395793654	0.01875546369708868
22	38643317	A	G	rs41280827	ENSG00000213923	CSNK1E	0.0054141585311463	0.098058067569092	0.9558198	-0.03421273546953258	0.08414067293212925	0.6842918633316772
22	38643420	T	C	rs41280829	ENSG00000213923	CSNK1E	-0.0390577932618409	0.098058067569092	0.6904828	-0.08405746230187267	0.08357633447204098	0.31453259817808943
22	38644195	C	T	rs2267382	ENSG00000213923	CSNK1E	0.1405792325542463	0.098058067569092	0.1516293	0.20380083914195932	0.07717854009926835	0.008274928257247394
22	38646063	A	G	rs4820329	ENSG00000213923	CSNK1E	0.1005898092040449	0.098058067569092	0.3049859	0.09603049723102228	0.07512012628385366	0.20112283727128388
22	38646460	T	C	rs9610922	ENSG00000213923	CSNK1E	0.1445685877520002	0.098058067569092	0.1403739	0.20725284879332317	0.07771523756951822	0.007657179445593158
22	38647215	T	C	rs76154818	ENSG00000213923	CSNK1E	-0.0216818938827911	0.098058067569092	0.8250924	-0.03891854746570899	0.08388623117341766	0.642687578707853
22	38647639	G	A	rs5995558	ENSG00000213923	CSNK1E	0.1039983762733938	0.098058067569092	0.2889627	0.11254715991665766	0.07500627048757641	0.13348406715188244
22	38649142	C	A	rs9306325	ENSG00000213923	CSNK1E	0.1511809178107733	0.098058067569092	0.1231222	0.20022971845417506	0.07650627507454401	0.008866288347021092
22	38649153	T	C	rs9306326	ENSG00000213923	CSNK1E	0.1518654219572461	0.098058067569092	0.1214298	0.19976767427618064	0.07653133613612574	0.009047001344423676
22	38649783	T	C	rs9610923	ENSG00000213923	CSNK1E	0.1418892295021288	0.098058067569092	0.1478969	0.20034754889621587	0.07766474764929938	0.009890166636125006
22	38650488	T	C	rs75520567	ENSG00000213923	CSNK1E	-0.0285559507297128	0.098058067569092	0.7708984	-0.058780928118519	0.08412513103864552	0.48471947930821246
22	38650644	T	A	rs9622763	ENSG00000213923	CSNK1E	0.1418892295021288	0.098058067569092	0.1478969	0.2003697586586914	0.07766474760505425	0.009881980482125205
22	38650731	A	C	rs9622764	ENSG00000213923	CSNK1E	0.1425734492802057	0.098058067569092	0.1459463	0.20082394627125008	0.07766474760505425	0.009715894008452408
22	38652339	G	C	rs9610924	ENSG00000213923	CSNK1E	0.1418892295021288	0.098058067569092	0.1478969	0.1511829543731607	0.0771210394233109	0.049956827109421204
22	38652566	C	T	rs9619728	ENSG00000213923	CSNK1E	0.1425734492802057	0.098058067569092	0.1459463	0.20053156799778826	0.07753301287374943	0.009698364184193549
22	38653575	A	G	rs9610926	ENSG00000213923	CSNK1E	0.1613989116547091	0.098058067569092	0.0997638	0.18958864164603698	0.07796303372592299	0.01502499226016272
22	38653689	C	T	rs9610927	ENSG00000213923	CSNK1E	0.1569650200134375	0.098058067569092	0.1094212	0.19067781324548047	0.07776459357761924	0.014206958771358871
22	38655571	G	C	rs5756998	ENSG00000213923	CSNK1E	0.1265767464273218	0.098058067569092	0.1967037	0.040346643826411635	0.07495298494724813	0.5903749978235078
22	38655597	T	C	rs6001074	ENSG00000213923	CSNK1E	0.1187645974653869	0.098058067569092	0.2258188	0.024864637330386546	0.07478390483573027	0.7395219464851677
22	38655906	G	A	rs9619729	ENSG00000213923	CSNK1E	0.153156160300658	0.098058067569092	0.118288	0.10337646390890642	0.07814250665464098	0.18586122160688612
22	38656243	T	G	rs4821776	ENSG00000213923	CSNK1E	-0.2358775538696738	0.098058067569092	0.0161548	-0.11273460900149236	0.07740586212278151	0.14527953641446492
22	38656685	A	G	rs135710	ENSG00000213923	CSNK1E	0.0981920639184252	0.098058067569092	0.3166335	0.0043997936532351725	0.07528994084776025	0.9533997459017384
22	38658577	C	G	rs135711	ENSG00000213923	CSNK1E	-0.0950753862988091	0.098058067569092	0.3323457	-0.011237502712169993	0.07491648486323586	0.8807642995066061
22	38658633	T	C	rs135712	ENSG00000213923	CSNK1E	-0.224827664797902	0.098058067569092	0.0218595	-0.1019381267442262	0.07778146390015929	0.1900027603970913
22	38659000	T	C	rs135713	ENSG00000213923	CSNK1E	0.0873081675434343	0.098058067569092	0.3732511	-2.538453446643589e-05	0.07528784588673566	0.9997309801135676
22	38659835	G	C	rs84308	ENSG00000213923	CSNK1E	-0.0953960067623398	0.098058067569092	0.3306527	-0.027720479729990304	0.07495787184467477	0.7115209905760078
22	38659842	A	G	rs2017369	ENSG00000213923	CSNK1E	-0.0950753862988091	0.098058067569092	0.3323457	-0.019737163049153923	0.07506421182330227	0.7925990924872295
22	38659896	C	T	rs2003649	ENSG00000213923	CSNK1E	-0.0953960067623398	0.098058067569092	0.3306527	-0.019918276269626754	0.07482752687054713	0.7900935336264719
22	38660411	C	T	rs135714	ENSG00000213923	CSNK1E	-0.0950753862988091	0.098058067569092	0.3323457	-0.01872005111396127	0.07507825489052748	0.803097390432358
22	38660566	G	A	rs7290882	ENSG00000213923	CSNK1E	-0.0950753862988091	0.098058067569092	0.3323457	-0.018740086460440078	0.07507630328497657	0.8028859728825388
22	38660871	T	C	rs135715	ENSG00000213923	CSNK1E	-0.0950753862988091	0.098058067569092	0.3323457	-0.018723244742514977	0.07507630328497657	0.8030594754537416
22	38661860	A	C	rs2006730	ENSG00000213923	CSNK1E	0.0889347351566569	0.098058067569092	0.3644068	0.0013061158756877465	0.07544450780705522	0.9861874950540976
22	38662163	G	A	rs135717	ENSG00000213923	CSNK1E	0.0889347351566569	0.098058067569092	0.3644068	0.0035289797092087627	0.075531960826816	0.9627350552320482
22	38662284	A	C	rs135718	ENSG00000213923	CSNK1E	0.0879389358688793	0.098058067569092	0.3697189	-0.01888463388325874	0.07531883676545889	0.8020234607558715
22	38662396	C	T	rs12485196	ENSG00000213923	CSNK1E	0.009044150522873	0.098058067569092	0.9263802	0.025068795647435672	0.08325560291763427	0.763333353799665
22	38663819	A	G	rs135720	ENSG00000213923	CSNK1E	0.0889347351566569	0.098058067569092	0.3644068	0.0008983383362585593	0.07552191674197566	0.9905093326917029
22	38663856	A	G	rs135721	ENSG00000213923	CSNK1E	-0.2196656331700893	0.098058067569092	0.0250909	-0.10795381764450566	0.0773077278051268	0.16258898869812988
22	38664071	A	G	rs135722	ENSG00000213923	CSNK1E	0.0892504821342294	0.098058067569092	0.362717	0.003312753412961112	0.07561722216984343	0.9650562468792228
22	38664539	G	C	rs4821777	ENSG00000213923	CSNK1E	0.0892504821342294	0.098058067569092	0.362717	-0.001325958005972974	0.07543427798344779	0.9859757795580553
22	38664789	G	A	rs5995562	ENSG00000213923	CSNK1E	0.088619125460379	0.098058067569092	0.3661015	-0.0013492525354683383	0.07538430435700058	0.9857199678374334
22	38665815	T	A	rs73154458	ENSG00000213923	CSNK1E	-0.2162270897494845	0.098058067569092	0.0274541	-0.09438877873133844	0.07763409899109044	0.2240550271433529
22	38669888	A	T	rs11705672	ENSG00000213923	CSNK1E	-0.1731222439229319	0.098058067569092	0.0774966	-0.03986925779337321	0.07654458541337775	0.6024620718611353
22	38671152	C	T	rs135724	ENSG00000213923	CSNK1E	-0.1635568461302819	0.098058067569092	0.0953554	-0.05212107004558284	0.07619679144970119	0.4939547405193281
22	38671780	C	T	rs135726	ENSG00000213923	CSNK1E	-0.0725595477745699	0.098058067569092	0.4594214	0.015475024827014848	0.07376486783362136	0.8338327082606167
22	38672485	T	G	rs2413511	ENSG00000213923	CSNK1E	-0.0728756085379586	0.098058067569092	0.4574817	0.012923482809094668	0.07388502810094609	0.861147666721483
22	38672669	C	T	rs135729	ENSG00000213923	CSNK1E	-0.1802825812981216	0.098058067569092	0.0660035	-0.07434541070564316	0.07646608413959302	0.3309179935008615
22	38673234	A	G	rs135730	ENSG00000213923	CSNK1E	-0.1772112947579834	0.098058067569092	0.0707311	-0.06877871246886627	0.07637279227882066	0.36781931101024934
22	38673579	G	A	rs6001080	ENSG00000213923	CSNK1E	-0.071397363557741	0.098058067569092	0.4666136	0.02104997372080887	0.07402196608511287	0.7761232524796496
22	38674172	G	A	rs58759442	ENSG00000213923	CSNK1E	0.0054353292679345	0.098058067569092	0.9556605	0.001735641737972779	0.08230468025608376	0.9831754511704874
22	38675000	C	G	rs62230168	ENSG00000213923	CSNK1E	0.0367641856439796	0.098058067569092	0.7076605	0.007723144818856331	0.0840900470407217	0.9268221876092458
22	38675476	C	T	rs11089874	ENSG00000213923	CSNK1E	0.0360827311034082	0.098058067569092	0.7128732	0.004947310574255169	0.08390536797092012	0.9529815940801112
22	38675738	A	C	rs9622771	ENSG00000213923	CSNK1E	0.0357095515156605	0.098058067569092	0.7157087	-0.003192163959031682	0.08391983431434534	0.9696571819402736
22	38676016	T	C	rs9622772	ENSG00000213923	CSNK1E	0.0354012373396098	0.098058067569092	0.7179499	-0.004838227748136399	0.0839358927951103	0.9540338414105112
22	38676837	T	C	rs11704002	ENSG00000213923	CSNK1E	0.0350930408332401	0.098058067569092	0.7203433	-0.0014419457885455225	0.0839658682567205	0.9862986025284306
22	38677449	T	C	rs135735	ENSG00000213923	CSNK1E	0.0578489549243088	0.098058067569092	0.5551906	-0.02550458091420522	0.07503404539855989	0.7339267290991482
22	38677821	C	T	rs150197935	ENSG00000213923	CSNK1E	0.0344114980404079	0.098058067569092	0.7255883	-0.002361959970891316	0.08376965385352389	0.9775059149846329
22	38677967	T	C	rs138683576	ENSG00000213923	CSNK1E	0.0360827311034082	0.098058067569092	0.7128732	-0.0001539290245113023	0.08377051196871624	0.9985338811937953
22	38678387	G	T	rs17753394	ENSG00000213923	CSNK1E	0.0354012373396098	0.098058067569092	0.7179499	-0.004484406522572235	0.08371916901098678	0.9572818448665835
22	38678451	A	G	rs62230170	ENSG00000213923	CSNK1E	0.0350279989170215	0.098058067569092	0.7207924	-0.004779886255503364	0.08371633979157865	0.9544685503597043
22	38678564	T	G	rs135736	ENSG00000213923	CSNK1E	0.069725836320538	0.098058067569092	0.4769603	0.025463264434603075	0.07614327581835059	0.73806829621477
22	38678663	C	T	rs62230171	ENSG00000213923	CSNK1E	0.0339277579814761	0.098058067569092	0.7293427	-0.008769302140893493	0.0836119406009388	0.9164702527054684
22	38678746	A	C	rs9622773	ENSG00000213923	CSNK1E	0.0360827311034082	0.098058067569092	0.7128732	-0.007232902052257896	0.08361138627010138	0.9310640395529712
22	38678975	G	A	rs9622774	ENSG00000213923	CSNK1E	0.0360827311034082	0.098058067569092	0.7128732	-0.010571836934485893	0.08423855881532803	0.9001286854264965
22	38679069	C	T	rs9622775	ENSG00000213923	CSNK1E	0.0329388521758485	0.098058067569092	0.7368709	0.008979829413039068	0.08403759342565233	0.9149040855678727
22	38679073	T	C	rs9622776	ENSG00000213923	CSNK1E	0.0354012373396098	0.098058067569092	0.7179499	-0.005101063187372649	0.08386403826051222	0.9514982661046895
22	38679641	G	A	rs1977044	ENSG00000213923	CSNK1E	-0.1446574381670246	0.098058067569092	0.1401588	-0.10739993486035691	0.07793388764573138	0.16817540902182682
22	38679781	T	G	rs5750576	ENSG00000213923	CSNK1E	0.0933498977070228	0.098058067569092	0.341097	0.008428727819995022	0.07291013288895747	0.9079661228443696
22	38680361	T	C	rs135737	ENSG00000213923	CSNK1E	0.0106396533402897	0.098058067569092	0.9135198	0.00864010405465747	0.08052824182504373	0.9145566617592558
22	38680451	T	C	rs135738	ENSG00000213923	CSNK1E	0.0100482062999399	0.098058067569092	0.9182804	-0.0028360335020282575	0.08056934839452806	0.9719203370678388
22	38680554	T	C	rs77475938	ENSG00000213923	CSNK1E	-0.0394029968829112	0.098058067569092	0.6878312	-0.02803371199227488	0.08436951941183508	0.7396831376067701
22	38681644	T	C	rs6001084	ENSG00000213923	CSNK1E	0.039573431610153	0.098058067569092	0.6865069	-0.04447222829852125	0.0784435727132195	0.5707598907504283
22	38681840	A	G	rs135743	ENSG00000213923	CSNK1E	-0.0873528427990188	0.098058067569092	0.3730365	-0.09332017327564429	0.07938194951561676	0.23976103375865387
22	38682132	T	C	rs76908849	ENSG00000213923	CSNK1E	-0.0859922871114976	0.098058067569092	0.3805953	-0.09491076380450547	0.07955560985103012	0.23286483791424673
22	38682361	T	C	rs35050502	ENSG00000213923	CSNK1E	-0.0392203048972232	0.098058067569092	0.6893038	0.0022051471341020703	0.08375041267381521	0.9789941383911825
22	38682762	G	A	rs5750577	ENSG00000213923	CSNK1E	0.0398774018138104	0.098058067569092	0.6841549	-0.04721077332233928	0.0783520726188084	0.5468103676394933
22	38682854	G	A	rs4821778	ENSG00000213923	CSNK1E	-0.0887133494575062	0.098058067569092	0.3656773	-0.1026298010959293	0.079507977654806	0.19676909623311578
22	38682891	G	A	rs2858468	ENSG00000213923	CSNK1E	-0.0877550573805737	0.098058067569092	0.370894	-0.08950514260919576	0.07930567314921105	0.2590625668342087
22	38682898	C	T	rs135744	ENSG00000213923	CSNK1E	-0.092847761954615	0.098058067569092	0.3437407	-0.10678201132097413	0.0795011698687733	0.1792233469580896
22	38682954	G	T	rs5757020	ENSG00000213923	CSNK1E	-0.0018753801538723	0.098058067569092	0.9848411	-0.02771771705724698	0.07503094409528306	0.7118168214713363
22	38684067	T	C	rs135746	ENSG00000213923	CSNK1E	-0.0584541595115384	0.098058067569092	0.5511752	-0.02411851568341705	0.08246955744722734	0.7699398620637397
22	38684729	G	C	rs9607525	ENSG00000213923	CSNK1E	-0.0584541595115384	0.098058067569092	0.5511752	-0.035117992137914014	0.08230377799420575	0.6696069663316306
22	38685131	C	T	rs35336050	ENSG00000213923	CSNK1E	-0.0304421368826313	0.098058067569092	0.7562568	0.028267125110579477	0.08298975732303986	0.7333973466021544
22	38685519	G	A	rs135749	ENSG00000213923	CSNK1E	-0.098957161990633	0.098058067569092	0.3129746	-0.07946950305161485	0.08172534180384403	0.3308529264904154
22	38689984	T	A	rs5757022	ENSG00000213923	CSNK1E	-0.022234166725147	0.098058067569092	0.8207348	0.01898450406155971	0.08032119047051599	0.8131553852024538
22	38690698	A	G	rs2075983	ENSG00000213923	CSNK1E	-0.0265629989528251	0.098058067569092	0.7865449	-0.051135907765359236	0.07747779625812423	0.5092491725135798
22	38690889	A	C	rs2075984	ENSG00000213923	CSNK1E	0.082852075555665	0.098058067569092	0.3982225	0.14346998425541715	0.07567824939948285	0.05798796585277212
22	38695099	T	C	rs1534891	ENSG00000213923	CSNK1E	-0.142340080885198	0.098058067569092	0.1466685	-0.0671603738555221	0.0843653814041889	0.4259939356770409
22	38695406	C	T	rs5750581	ENSG00000213923	CSNK1E	-0.1433320559083404	0.098058067569092	0.1438509	-0.06309189011923814	0.08426486373183008	0.45401810724769
22	38701094	G	T	rs6001092	ENSG00000213923	CSNK1E	-0.1430289682272911	0.098058067569092	0.1446752	-0.06712967607584355	0.08438733727632358	0.4263258166801871
22	38701393	C	T	rs6001093	ENSG00000213923	CSNK1E	-0.0325740859702983	0.098058067569092	0.7398893	0.016187601428697317	0.07920325140962073	0.8380561544529306
22	38702504	G	A	rs9607528	ENSG00000213923	CSNK1E	-0.0250217418583876	0.098058067569092	0.7987231	-0.036745807558701694	0.07761057856867776	0.635882247122245
22	38703106	A	G	rs7284708	ENSG00000213923	CSNK1E	0.1154127962113537	0.098058067569092	0.2391955	0.01621179862736339	0.08579459286316306	0.8501236889985103
22	38703653	A	G	rs135757	ENSG00000213923	CSNK1E	-0.0183685117796315	0.098058067569092	0.8515038	-0.0252965990156887	0.07742271383704487	0.7438694139500508
22	38705588	T	C	rs135758	ENSG00000213923	CSNK1E	-0.0192285300612462	0.098058067569092	0.8446102	-0.03830422944206802	0.0775750204929266	0.6214685170445473
22	38708118	T	C	rs135761	ENSG00000213923	CSNK1E	-0.0127814180405203	0.098058067569092	0.8964082	-0.028903342591629858	0.07756802292270666	0.7094318045987554
22	38708404	A	C	rs135763	ENSG00000213923	CSNK1E	-0.0487412039388104	0.098058067569092	0.6191891	-0.08836499266326081	0.08210899865068834	0.2818416953516214
22	38715222	G	A	rs1997644	ENSG00000213923	CSNK1E	0.026880020685276	0.098058067569092	0.7839309	-0.057369827396942796	0.07495832936547803	0.444059425126202
22	38716638	G	C	rs5995569	ENSG00000213923	CSNK1E	-0.146110678340012	0.098058067569092	0.1362242	-0.17630591075288446	0.08323285517524587	0.034156020858008146
22	38717440	C	T	rs7285318	ENSG00000213923	CSNK1E	-0.1458150724895182	0.098058067569092	0.1370148	-0.1769776955733081	0.08234035500793513	0.03160719147190543
22	38718368	G	A	rs9607530	ENSG00000213923	CSNK1E	0.0497281387772798	0.098058067569092	0.6120145	0.1682061192680637	0.07481738860096014	0.02456202027888225
22	38718640	A	G	rs9610939	ENSG00000213923	CSNK1E	0.0504093383668755	0.098058067569092	0.6071122	0.16620223461115124	0.07499067587472136	0.02667059827608601
22	38718667	T	C	rs9607531	ENSG00000213923	CSNK1E	0.050097023421668	0.098058067569092	0.6093511	0.17044327999857292	0.07478797890497078	0.022665892083550722
22	38719189	A	G	rs5757037	ENSG00000213923	CSNK1E	0.1066567206793851	0.098058067569092	0.2766834	0.06986098223117417	0.07600798950152232	0.35802923868636294
22	38719488	T	C	rs9607532	ENSG00000213923	CSNK1E	0.050097023421668	0.098058067569092	0.6093511	0.1663317339581849	0.07491540974799912	0.02640108157178179
22	38719801	T	C	rs9610940	ENSG00000213923	CSNK1E	0.0397300989847082	0.098058067569092	0.6853305	-0.04574144224330848	0.07457406201339183	0.5396321625964116
22	38719962	T	C	rs7289981	ENSG00000213923	CSNK1E	-0.1423097613307056	0.098058067569092	0.1467242	-0.178967416594869	0.08238288222537592	0.029826563206485777
22	38720434	G	A	rs112198357	ENSG00000213923	CSNK1E	-0.1458150724895182	0.098058067569092	0.1370148	-0.1942350101143177	0.08189912839745403	0.01770947586601699
22	38723050	T	C	rs4821782	ENSG00000213923	CSNK1E	0.0548490742689743	0.098058067569092	0.5758888	0.1666782615398856	0.07514200958336133	0.026542780692418142
22	38724132	T	A	rs5995570	ENSG00000213923	CSNK1E	0.0708873635483142	0.098058067569092	0.4696799	0.05608291811264013	0.07584327329275668	0.45962891080662305
22	38724576	T	G	rs5757042	ENSG00000213923	CSNK1E	-0.1461450967217288	0.098058067569092	0.1361717	-0.10375398647929122	0.08093952215690756	0.19988807472912684
22	38729433	A	G	rs5757049	ENSG00000213923	CSNK1E	0.0353937064800205	0.098058067569092	0.7180994	0.12323694227851548	0.07458234554421643	0.09846102677273935
22	38734069	T	C	rs2413515	ENSG00000213923	CSNK1E	0.0562112675262238	0.098058067569092	0.5665093	0.11258532637555049	0.07473201502421152	0.1319335614791428
22	38734157	T	C	rs11703732	ENSG00000213923	CSNK1E	-0.1459025598974034	0.098058067569092	0.1368036	-0.19034256903134106	0.08184488958766874	0.020037228867659657
22	38735364	G	A	rs73154484	ENSG00000213923	CSNK1E	-0.1028907809827806	0.098058067569092	0.2940861	-0.16218249408066265	0.07998569572018724	0.042596622889873204
22	38740853	C	G	rs5757055	ENSG00000213923	CSNK1E	0.0502113689342603	0.098058067569092	0.608651	0.12668510109224204	0.0756280202418921	0.0939130452781471
22	38741696	A	G	rs9622790	ENSG00000213923	CSNK1E	-0.1037757060135579	0.098058067569092	0.2899643	-0.17018781428995355	0.08074832475183835	0.03506276788568224
22	38741793	A	C	rs5750597	ENSG00000213923	CSNK1E	-0.1658248802041212	0.098058067569092	0.0908368	-0.16621463379592327	0.08150097211098904	0.04140822436798928
22	38742033	A	C	rs6519104	ENSG00000213923	CSNK1E	0.1107775227167154	0.098058067569092	0.2586448	0.15633970806205363	0.07485150561405232	0.03673790390099914
22	38743302	G	C	rs6001098	ENSG00000213923	CSNK1E	-0.0302149363400737	0.098058067569092	0.7580823	-0.06615919142815273	0.07649354224092667	0.3870942032812368
22	38744184	C	T	rs5757057	ENSG00000213923	CSNK1E	-0.0110241194116146	0.098058067569092	0.9105063	-0.05341410880034961	0.07619620932155834	0.4832983789669404
22	38746745	A	C	rs57485857	ENSG00000213923	CSNK1E	-0.0007201090308071	0.098058067569092	0.9942553	-0.049428716914201865	0.08336453766242471	0.5532329645259919
22	38748940	T	C	rs6001099	ENSG00000213923	CSNK1E	0.0278866063604862	0.098058067569092	0.7761039	0.10875170073911501	0.07567443627862	0.15068970001090518
22	38749074	A	C	rs111238998	ENSG00000213923	CSNK1E	0.0015434437893442	0.098058067569092	0.9873939	-0.04020117036594157	0.08330370698598007	0.6293899976035284
22	38749925	T	A	rs5757058	ENSG00000213923	CSNK1E	0.0272037201721283	0.098058067569092	0.7813194	0.10831983706937048	0.07567921261164828	0.1523435723487474
22	38752520	C	T	rs8141933	ENSG00000213923	CSNK1E	-0.0187870236120163	0.098058067569092	0.8482122	0.06636652215682676	0.074771643980373	0.37476163209772706
22	38754272	C	T	rs5757062	ENSG00000213923	CSNK1E	-0.0094845587217461	0.098058067569092	0.9230441	0.08964175157571787	0.07471484205619729	0.23022282626524493
22	38757454	G	A	rs113873251	ENSG00000213923	CSNK1E	-0.0162026247947789	0.098058067569092	0.8687866	-0.06765750429835986	0.08321488185431196	0.4161918402548227
22	38758521	T	C	rs5757063	ENSG00000213923	CSNK1E	-0.0213004381941406	0.098058067569092	0.8280525	0.08344665129347052	0.07471996849420091	0.26408333752124447
22	38758989	A	G	rs55906933	ENSG00000213923	CSNK1E	-0.0156044509709939	0.098058067569092	0.8736689	-0.06319862109444185	0.08334496333371068	0.4482847974783577
22	38760918	G	T	rs3876031	ENSG00000213923	CSNK1E	0.0191382578042421	0.098058067569092	0.8452364	0.11766742554192781	0.07536319519660939	0.11844400622399062
22	38761000	A	G	rs3876032	ENSG00000213923	CSNK1E	0.0417045766216659	0.098058067569092	0.6705451	-0.04353422621133342	0.07631189722992787	0.5683538263928336
22	38761636	G	A	rs5757065	ENSG00000213923	CSNK1E	0.0184549009371598	0.098058067569092	0.8505631	0.12262448506944254	0.07554636413076835	0.1045533711402609
22	38762026	A	C	rs12169607	ENSG00000213923	CSNK1E	-0.0806541039711038	0.098058067569092	0.4108493	-0.12776136782059172	0.08287734191554584	0.12317769833795209
22	38763792	A	G	rs4821785	ENSG00000213923	CSNK1E	0.0181458905488294	0.098058067569092	0.8530722	0.11652650289208635	0.075586657108853	0.12316403067276177
22	38764388	A	G	rs5757068	ENSG00000213923	CSNK1E	-0.0253457551310561	0.098058067569092	0.7959439	0.08872817283944016	0.07479126165573755	0.23548643318111584
22	38764732	C	A	rs5757069	ENSG00000213923	CSNK1E	0.0181458905488294	0.098058067569092	0.8530722	0.12142188117944828	0.07470829356591593	0.10410295141755188
22	38764988	C	G	rs114454729	ENSG00000213923	CSNK1E	-0.011088161135544	0.098058067569092	0.9100306	-0.06170735558565993	0.08328491897040682	0.4587427240595795
22	38766229	C	A	rs3959635	ENSG00000213923	CSNK1E	0.0178369880243732	0.098058067569092	0.8555827	0.1218389175782816	0.07534719672743302	0.10587111765375563
22	38769021	C	T	rs195311	ENSG00000213923	CSNK1E	0.008569853455848	0.098058067569092	0.9303536	0.10855316509916371	0.07471633333945725	0.14625968131982137
22	38769211	T	C	rs4101106	ENSG00000213923	CSNK1E	-0.0359810841105661	0.098058067569092	0.7137682	0.06888421958871899	0.0748854956699057	0.35764559230153903
22	38769292	G	A	rs12628645	ENSG00000213923	CSNK1E	-0.0088305506342872	0.098058067569092	0.9282872	-0.060127646832973204	0.08328491897040682	0.4703244836937348
22	38769522	T	C	rs4101105	ENSG00000213923	CSNK1E	-0.0359810841105661	0.098058067569092	0.7137682	0.06887856918476251	0.07488249135735107	0.3576657413581784
22	38771840	C	G	rs195314	ENSG00000213923	CSNK1E	0.0082609509313919	0.098058067569092	0.9327384	0.1172877050676626	0.07473050428768127	0.11653715430379159
22	38774403	A	G	rs195301	ENSG00000213923	CSNK1E	0.008636778086964	0.098058067569092	0.9297177	0.1166308873559068	0.07475298077974919	0.11870855922058808
22	38774740	C	T	rs195302	ENSG00000213923	CSNK1E	0.0096300474765983	0.098058067569092	0.9216147	0.11668561133367218	0.07470829356591593	0.11831556139859437
22	38775970	C	G	rs195305	ENSG00000213923	CSNK1E	0.00832811090187	0.098058067569092	0.9322614	0.11541185746542379	0.07471063276004189	0.12239830055456075
22	38777305	T	C	rs11089880	ENSG00000213923	CSNK1E	-0.035373231955512	0.098058067569092	0.7183985	0.06902740105274864	0.07483436533921636	0.35631869843452557
22	38777309	T	C	rs11089881	ENSG00000213923	CSNK1E	-0.035373231955512	0.098058067569092	0.7183985	0.06902740105274864	0.07483436533921636	0.35631869843452557
22	38777396	T	C	rs195308	ENSG00000213923	CSNK1E	0.0076435185031363	0.098058067569092	0.9378281	0.10083889897722496	0.07561619480309661	0.18234737854798544
22	38778390	A	T	rs3859846	ENSG00000213923	CSNK1E	-0.0027407229885561	0.098058067569092	0.9778217	-0.04581169337292866	0.083296532343752	0.5823308968266496
22	38778957	A	G	rs17753544	ENSG00000213923	CSNK1E	-0.0024426754921798	0.098058067569092	0.9802145	-0.04560820719091175	0.08329653230059797	0.5840076005778381
22	38779054	C	T	rs55719829	ENSG00000213923	CSNK1E	-0.0017615249316179	0.098058067569092	0.9857984	-0.044121212409440405	0.08330375865384476	0.5963598098963063
22	38779609	C	T	rs9622802	ENSG00000213923	CSNK1E	-0.037885567898893	0.098058067569092	0.6993486	0.055986714783159704	0.0745571460464142	0.45269868265372903
22	38785507	C	G	rs138360	ENSG00000213923	CSNK1E	0.0073349787935302	0.098058067569092	0.9402147	0.10193952190824286	0.07488192224594116	0.17340725533066925
22	38789676	C	T	rs138365	ENSG00000213923	CSNK1E	0.0037299523858066	0.098058067569092	0.9695282	-0.042038410683604935	0.08326279508308977	0.6136372954192012
22	38789936	A	G	rs138366	ENSG00000213923	CSNK1E	0.0283410466688284	0.098058067569092	0.7724283	0.11537341710141608	0.07475150003612356	0.12272742205253684
22	38790528	C	T	rs138368	ENSG00000213923	CSNK1E	0.0050066978429764	0.098058067569092	0.9591662	-0.04113438347075228	0.08326279508308977	0.6212844428785097
22	38790760	G	A	rs138369	ENSG00000213923	CSNK1E	-0.0170886284642994	0.098058067569092	0.8617083	0.08085000601036242	0.07465996769047857	0.2788484893403038
22	38793267	G	A	rs138370	ENSG00000213923	CSNK1E	0.0416389267454284	0.098058067569092	0.6709825	0.11163868416143483	0.07495750294366059	0.13639267450320267
22	38794660	A	G	rs138373	ENSG00000213923	CSNK1E	0.0433713872658188	0.098058067569092	0.6581998	0.11451380265463032	0.07561146926865739	0.12989829470737507
22	38795270	G	C	rs138375	ENSG00000213923	CSNK1E	0.0433713872658188	0.098058067569092	0.6581998	0.12502250790498956	0.07536796727036056	0.09715042033979807
22	38795300	C	T	rs138376	ENSG00000213923	CSNK1E	0.0436849475484845	0.098058067569092	0.6558862	0.12672040376648855	0.07512090840926924	0.09162528721075343
22	38796420	G	C	rs138379	ENSG00000213923	CSNK1E	0.0473003681113704	0.098058067569092	0.6295218	0.11810744530124333	0.07559639728597331	0.11820738424274167
22	38796786	T	C	rs138381	ENSG00000213923	CSNK1E	0.1013659290030475	0.098058067569092	0.3012297	0.038055287185147	0.08313256794548333	0.6471203570054578
22	38796813	C	T	rs6001117	ENSG00000213923	CSNK1E	-0.1994367441209235	0.098058067569092	0.0419718	-0.2134548188654175	0.08090595415093492	0.00833208896305086
22	38798187	C	T	rs138382	ENSG00000213923	CSNK1E	0.0741400379018418	0.098058067569092	0.4495293	9.446279353499065e-05	0.08085269933146053	0.9990678061708721
22	38799301	A	C	rs34500977	ENSG00000213923	CSNK1E	-0.1513414094499636	0.098058067569092	0.1227823	-0.11923073514720776	0.08720590965016631	0.1715525087130807
22	38799861	T	C	rs138383	ENSG00000213923	CSNK1E	-0.0677337768720651	0.098058067569092	0.4896912	-0.03893959262927046	0.07563675506638372	0.6066762359985409
22	38800590	A	G	rs138385	ENSG00000213923	CSNK1E	0.0737552776563142	0.098058067569092	0.4519308	-0.005108436686766541	0.08123543506022106	0.9498586053414718
22	38800842	A	G	rs138387	ENSG00000213923	CSNK1E	-0.0677337768720651	0.098058067569092	0.4896912	-0.04352264810910537	0.07571232451956411	0.5653979438974548
22	38801059	T	C	rs13055737	ENSG00000213923	CSNK1E	-0.0677337768720651	0.098058067569092	0.4896912	-0.0475121716667971	0.07559102473365022	0.5296486144345718
22	38803165	G	A	rs138389	ENSG00000213923	CSNK1E	-0.0677337768720651	0.098058067569092	0.4896912	-0.04547276913123586	0.0756888348456423	0.5479827341631802
22	38803256	A	G	rs196101	ENSG00000213923	CSNK1E	0.0093680167084402	0.098058067569092	0.9238383	0.06221769750547948	0.07537468578291916	0.40911869466938156
22	38804294	C	T	rs196102	ENSG00000213923	CSNK1E	0.0093680167084402	0.098058067569092	0.9238383	0.05144497011146843	0.07548056641693084	0.49551356773272814
22	38807144	T	C	rs138392	ENSG00000213923	CSNK1E	0.0777829441410673	0.098058067569092	0.4275448	-0.009865951497118755	0.08154966663475452	0.9037061691610875
22	38807182	T	C	rs138393	ENSG00000213923	CSNK1E	0.0580474930937159	0.098058067569092	0.5538506	0.025526160984422588	0.07699651163007387	0.7402490151435481
22	38808369	A	G	rs196111	ENSG00000213923	CSNK1E	-0.0605048086553838	0.098058067569092	0.5371028	-0.043484300253473655	0.07569832090338927	0.5656686902210881
22	38808767	G	C	rs138394	ENSG00000213923	CSNK1E	-0.0441210019691575	0.098058067569092	0.6528547	-0.015878971259030556	0.07628120566839214	0.835101220047084
22	38809485	T	C	rs11089885	ENSG00000213923	CSNK1E	-0.051329672165852	0.098058067569092	0.6005568	-0.0337848512808638	0.075631068842726	0.6550873582613087
22	38809549	T	C	rs138395	ENSG00000213923	CSNK1E	-0.0525117915878177	0.098058067569092	0.592235	-0.041460038326103545	0.07615110053888716	0.5861357166079515
22	38809602	C	A	rs470096	ENSG00000213923	CSNK1E	-0.051329672165852	0.098058067569092	0.6005568	-0.03342068023648167	0.07609060653366834	0.6605005727311053
22	38811282	T	C	rs885867	ENSG00000213923	CSNK1E	-0.0072549241871668	0.098058067569092	0.9411695	0.04013398049139101	0.07716366758266081	0.6029834284881457
22	38813000	T	G	rs138396	ENSG00000213923	CSNK1E	0.0337075097559091	0.098058067569092	0.7309967	0.038799547487536085	0.07664397363586642	0.6126945677398841
22	38813069	T	C	rs9622808	ENSG00000213923	CSNK1E	0.0464668058963859	0.098058067569092	0.6354999	0.054332655912582115	0.07553184102396361	0.4719348697103679
22	38813175	T	C	rs111105	ENSG00000213923	CSNK1E	0.0457851552396793	0.098058067569092	0.6404999	0.04795743955449774	0.07542321081494138	0.524877729726861
22	38813808	A	G	rs138397	ENSG00000213923	CSNK1E	0.0314559494374214	0.098058067569092	0.748362	0.040744995985674645	0.076699375220317	0.5952595247769106
22	38815543	T	G	rs138399	ENSG00000213923	CSNK1E	0.0136666372455003	0.098058067569092	0.8891341	0.03756874697627705	0.07430019400382795	0.6131132053309143
22	38815767	T	C	rs7354810	ENSG00000213923	CSNK1E	0.0188207261698398	0.098058067569092	0.8477422	0.06555635104318494	0.08533918702161934	0.44237681276738827
22	38816059	T	C	rs138400	ENSG00000213923	CSNK1E	0.0777829441410673	0.098058067569092	0.4275448	-0.0011882046364394658	0.08450179053855374	0.988781079217878
22	38816351	A	G	rs5757088	ENSG00000213923	CSNK1E	0.0083921232083791	0.098058067569092	0.9317844	0.029566932699015742	0.07601744496555894	0.6973136450149604
22	38817047	G	A	rs11703948	ENSG00000213923	CSNK1E	-0.1332373210553389	0.098058067569092	0.1742734	-0.13061889693314638	0.08746634624139935	0.13534251659048813
22	38817105	T	C	rs138402	ENSG00000213923	CSNK1E	-0.051329672165852	0.098058067569092	0.6005568	-0.016652841449383886	0.07473910007389192	0.8236810670381499
22	38817206	T	C	rs138403	ENSG00000213923	CSNK1E	0.0287230024536235	0.098058067569092	0.7695222	0.033335175104121144	0.07662097286671705	0.6635145697361483
22	38817404	C	T	rs196122	ENSG00000213923	CSNK1E	-0.070956308175622	0.098058067569092	0.4691885	-0.01489084170959411	0.07423671209888602	0.8410223420282632
22	38817459	A	G	rs13057446	ENSG00000213923	CSNK1E	-0.1311965463588977	0.098058067569092	0.1809616	-0.12900261569404967	0.08746634624139935	0.14024403671721644
22	38817857	G	A	rs66792787	ENSG00000213923	CSNK1E	-0.1298360789236374	0.098058067569092	0.185503	-0.12038665201105253	0.08704891553627078	0.16667190442477353
22	38818243	A	G	rs111959380	ENSG00000213923	CSNK1E	0.0089835408313085	0.098058067569092	0.9268569	0.04200943780078988	0.07574919455688245	0.5791779123985301
22	38818676	G	C	rs11089887	ENSG00000213923	CSNK1E	-0.1271152323053775	0.098058067569092	0.1949066	-0.12575672526177564	0.08746634624139935	0.15049855621275215
22	38819194	C	G	rs35607824	ENSG00000213923	CSNK1E	-0.1243944641335717	0.098058067569092	0.2046551	-0.13042072261197468	0.08731240202127113	0.1352474967501814
22	38819613	A	G	rs743942	ENSG00000213923	CSNK1E	0.0271734104234427	0.098058067569092	0.7816265	0.04183377337173283	0.07725147950175452	0.5881442907493202
22	38821504	G	A	rs196054	ENSG00000213923	CSNK1E	0.0109409465587025	0.098058067569092	0.9111406	-0.10907006463581638	0.07710030644653888	0.15717069927681757
22	38822300	C	T	rs196057	ENSG00000213923	CSNK1E	0.0086039286343283	0.098058067569092	0.9300356	-0.11049288603369864	0.07710266966491161	0.1518401937814474
22	38822521	T	C	rs2269608	ENSG00000213923	CSNK1E	0.0134706093626229	0.098058067569092	0.8907146	0.14084489489535001	0.07885664713889003	0.07408504423684804
22	38822698	T	C	rs1063134	ENSG00000213923	CSNK1E	0.0513310940078318	0.098058067569092	0.6005568	0.22473012323515043	0.08111522523532225	0.005596947024931319
22	38823136	T	C	rs196059	ENSG00000213923	CSNK1E	0.007923640984761	0.098058067569092	0.935442	-0.11936146126330285	0.07702966237411339	0.1212491005145983
22	38824612	A	G	rs8142029	ENSG00000213923	CSNK1E	0.0713086798414315	0.098058067569092	0.466981	0.058560534614873164	0.07958661111169169	0.46184702069156436
22	38824633	G	A	rs196060	ENSG00000213923	CSNK1E	0.0058826995896049	0.098058067569092	0.9521556	-0.10849294821729448	0.07704337577204413	0.15907006400480805
22	38825165	C	T	rs474525	ENSG00000213923	CSNK1E	0.0058826995896049	0.098058067569092	0.9521556	-0.1072434920276814	0.07669687506363063	0.1620298405911983
22	38826395	G	A	rs196062	ENSG00000213923	CSNK1E	0.0038416013015408	0.098058067569092	0.9687309	-0.11186448336734565	0.0770414173395061	0.14650035868338582
22	38826799	T	C	rs11704277	ENSG00000213923	CSNK1E	-0.1121500316826732	0.098058067569092	0.2527896	-0.12708863452749355	0.08681591359448987	0.14322499208057757
22	38829774	C	G	rs4821787	ENSG00000213923	CSNK1E	0.0780406211310254	0.098058067569092	0.426032	0.0644124781904289	0.07907699228291627	0.4153276660911923
22	38831661	G	A	rs7291841	ENSG00000213923	CSNK1E	0.0176224663899523	0.098058067569092	0.8573096	-0.09223055016634803	0.07435862588069171	0.2148468185744825
22	38832758	A	T	rs62228861	ENSG00000213923	CSNK1E	-0.0553549754511767	0.098058067569092	0.5724819	-0.10201749090592245	0.08192459516095041	0.21303588200881562
22	38833266	T	C	rs2267387	ENSG00000213923	CSNK1E	-0.0908322372105729	0.098058067569092	0.3543421	0.03959882265823609	0.07437609443437716	0.5944397683462509
22	38835006	G	T	rs196077	ENSG00000213923	CSNK1E	-0.0043249099049753	0.098058067569092	0.9649044	-0.11552815432406818	0.07705007245455163	0.1337723308903623
22	38838730	A	G	rs8141562	ENSG00000213923	CSNK1E	-0.0928105783353928	0.098058067569092	0.3439446	0.031475015161273025	0.07415655426655807	0.6712448827288096
22	38838996	C	T	rs196080	ENSG00000213923	CSNK1E	0.1216855805995553	0.098058067569092	0.2146057	0.11556964508502023	0.08229684091431883	0.16022884206938137
22	38839461	T	C	rs196081	ENSG00000213923	CSNK1E	0.1223685452343672	0.098058067569092	0.2120311	0.12530384764536998	0.08237749805527327	0.1282364643220591
22	38839485	A	C	rs9607537	ENSG00000213923	CSNK1E	-0.0901516063577691	0.098058067569092	0.357991	0.02315117305319832	0.07620353478641038	0.7612748758439086
22	38840113	A	G	rs2267388	ENSG00000213923	CSNK1E	-0.0937999646255515	0.098058067569092	0.3388702	0.043322432527849	0.07421061262401861	0.5593705019745265
